#Tue Mar 12 00:16:51 EDT 2019
historyclimate=9.16437654281153
change=2.8767328978848665
ecological=6.992407218727285
themes=4.8835720455258915
processes=4.598545554339763
research=1.8221305653716269
managementdo=9.16437654281153
papers=5.200451430701615
human=2.669373029560219
energeticslife=9.16437654281153
interactionsphysiological=9.16437654281153
resources=3.2274373740704623
developmentlong=9.16437654281153
monitoringthere=9.16437654281153
recruitmentincreasing=9.16437654281153
community=2.669373029560219
dynamicsmorphological=9.16437654281153
management=2.9717669539565676
history=1.8221305653716269
patterns=4.121403342541509
living=3.9770884726067393
colonisation=9.16437654281153
evolution=4.121403342541509
geneticsbiochemical=9.16437654281153
trophic=9.16437654281153
processeslong=9.16437654281153
micro=5.896810403630681
categories=5.695524354614006
pollution=6.033208434110832
speciation=9.16437654281153
environmental=4.286033132218841
sub=6.313634160303472
introduced=5.403796542324943
biota=9.16437654281153
impact=3.2274373740704623
term=3.4781483018809354
uv=8.008119088680658
faunal=9.16437654281153
session=5.403796542324943
variability=7.328977308940274
scale=4.968645806730101
floral=9.16437654281153
fit=4.968645806730101
decadal=9.16437654281153
leveladaptive=9.16437654281153
climate=4.254160153740002
nutrient=7.638018836290321
evolutionsub=9.16437654281153
organism=8.488575137178996
ecotoxicology=9.16437654281153
adaptations=9.131797769334167
