#Tue Mar 12 00:16:51 EDT 2019
map=5.8245920258638995
erroryour=8.626817004317273
file=4.673435805445394
client=5.126731427123856
send=1.8518051252896308
accessed=7.185112095681964
doesn=5.992843726913395
imagemap=9.261067394373319
coordinates=8.626817004317273
support=2.336717902722697
