#Tue Mar 12 00:16:51 EDT 2019
arbor=6.692461131409684
brochure=6.918544467466829
public=1.7831031630110261
involved=3.15831033159324
created=3.15831033159324
ranging=5.288055032940226
helping=5.089065279621185
anniversary=7.172001210869394
participating=6.698547296487279
beautiful=7.836596755558604
students=4.033128841473092
memory=6.027314792043303
continued=4.033128841473092
tradition=4.39530208153056
planters=9.714252085113023
plant=5.374704162598936
various=2.2500256784620656
plans=3.15831033159324
map=5.224397837039069
quarters=7.172001210869394
displays=6.918544467466829
annual=4.8622245969816
values=3.8919049874087537
located=4.500051356924131
rededicated=8.968088846683996
fire=4.500051356924131
site=3.375038517693098
foundation=4.500051356924131
celebration=7.494181443562253
signs=5.903985831977822
running=5.349309489033078
awardlower=8.968088846683996
graders=7.768726303696496
event=4.8622245969816
sign=4.598448176286389
original=4.163042193709193
marked=7.172001210869394
house=2.6121989185195345
sites=4.874464785580227
commemorate=8.968088846683996
extra=5.573534457256246
represents=5.016917826639786
memorabilia=8.968088846683996
april=3.5662063260220522
featured=6.504103905928289
treeplant=9.714252085113023
logged=8.3067621301186
materials=3.8919049874087537
day=2.4372323927901136
held=3.7957597997536885
book=2.9081160022420587
surrounding=4.283323170824272
activities=2.9081160022420587
ownerships=8.968088846683996
forest=5.465290992258868
national=1.7831031630110261
third=3.375038517693098
tree=6.895336464200389
valley=5.089065279621185
vital=5.675008150419779
truths=8.3067621301186
gather=7.172001210869394
including=1.1250128392310328
umpqua=9.01924424714727
past=3.2706322480360432
complete=3.737211757750568
tracts=8.968088846683996
wise=5.770509250112775
th=3.1500771704526698
center=2.6121989185195345
oregon=4.639704373443836
schools=4.598448176286389
guided=6.698547296487279
discovery=5.288055032940226
program=1.7831031630110261
united=2.2500256784620656
private=3.15831033159324
generation=4.8622245969816
abandoned=8.968088846683996
oregonreedsport=8.968088846683996
ash=6.698547296487279
award=5.016917826639786
reedsport=10.08602152135733
self=3.15831033159324
planting=7.172001210869394
community=3.00641474904909
burn=7.836596755558604
awards=5.224397837039069
lower=4.048155379689516
continually=7.836596755558604
seventh=6.877694562983973
golden=5.349309489033078
developed=3.375038517693098
timers=8.968088846683996
plantings=8.968088846683996
planted=8.096310759379032
sixth=6.178405244541586
school=3.5520149855956347
fifth=6.250627360343237
trees=6.037263863958079
farmsteads=8.968088846683996
elkton=8.968088846683996
tour=5.770509250112775
gardiner=8.968088846683996
educational=3.375038517693098
communities=4.778972992746789
