#Tue Mar 12 00:16:51 EDT 2019
english=3.362179050837657
transportation=4.378555238156539
instruction=5.653385410758555
housing=4.58092731197642
application=2.8970355890418644
pleasant=8.933918913311084
trips=7.144674674779548
deadline=6.325218349067007
core=4.922585874498666
london=5.251387526779103
weeks=4.58092731197642
gpa=7.144674674779548
approximately=4.760764298392307
england=4.860226650222383
master=5.418462099436334
qualify=5.881490648671527
eligibility=6.154864476919185
local=2.602245999393894
estimated=4.58092731197642
stratford=8.933918913311084
beachy=8.933918913311084
resort=7.144674674779548
students=4.355932571513211
dr=3.722972349673113
airfare=7.445944699346226
paris=5.552298349506656
contact=3.1408759089576153
accommodation=7.144674674779548
residence=4.6733448278045095
avon=7.806737998181682
visit=4.482905401116876
rye=8.275111963245449
sussex=8.275111963245449
head=3.722972349673113
classes=4.922585874498666
campuses=7.445944699346226
field=3.552618477525291
department=3.14627663573602
estimate=6.325218349067007
east=3.14627663573602
cum=6.4793221713898035
includes=2.241452700558438
eastbourne=10.06103509475891
range=3.722972349673113
oisp=7.445944699346226
bodiam=8.933918913311084
electives=8.933918913311084
duration=5.881490648671527
aid=3.722972349673113
belonging=6.4793221713898035
fell=6.154864476919185
able=3.552618477525291
halls=6.4793221713898035
isu=5.653385410758555
original=4.147180299740528
produced=4.482905401116876
id=5.267906650019747
sites=4.482905401116876
student=3.8770761719959097
graphics=5.552298349506656
castle=7.234685897099521
larry=6.004349704566739
cliffs=8.275111963245449
programs=2.8970355890418644
close=4.017761939321083
earn=7.144674674779548
card=5.204491998787788
participate=4.8436986999523315
hours=4.267002986015239
financial=2.8970355890418644
advisor=6.325218349067007
hall=4.017761939321083
teaching=4.58092731197642
warwick=6.673024699785875
reduced=4.997802522275129
academic=4.58092731197642
graduate=6.325218349067007
hour=4.922585874498666
supplies=6.673024699785875
schools=4.58092731197642
directed=5.069675081273701
independent=3.362179050837657
available=2.602245999393894
west=2.241452700558438
eastborne=8.933918913311084
college=4.267002986015239
program=2.000410991385631
channel=5.328927716287937
administration=2.8970355890418644
highlights=8.072661728447017
degree=4.378555238156539
kennedy=4.147180299740528
brighton=8.933918913311084
march=3.722972349673113
credit=4.017761939321083
august=3.8770761719959097
study=2.4301133251111917
cost=3.6451699876667876
methods=2.8970355890418644
university=4.355932571513211
oxford=6.4793221713898035
fee=5.069675081273701
abroad=4.8436986999523315
curriculum=5.552298349506656
campus=5.267906650019747
tuition=6.857605065891419
international=2.241452700558438
meals=8.275111963245449
chalk=8.933918913311084
situated=6.892183644382623
july=3.8770761719959097
tutor=8.933918913311084
enrolled=6.892183644382623
seaside=8.933918913311084
apply=4.378555238156539
design=3.14627663573602
books=3.8770761719959097
