#Tue Mar 12 00:16:51 EDT 2019
focused=5.514478380090683
posted=6.112940075234749
targets=6.282133566972701
smart=6.112940075234749
related=2.5845205714873294
issues=2.417403259614756
rick=8.030439804786546
minute=5.709366066703262
lost=4.452369695992168
unconstitutional=7.7535617144619895
coalition=4.641511927745461
signal=5.709366066703262
representative=4.722265030391134
protect=3.697612995485372
industry=2.5845205714873294
empowerment=8.030439804786546
drawing=6.112940075234749
screen=5.963450547515912
deal=3.697612995485372
binding=7.395225990970744
line=3.124448387612617
cda=8.964001567948351
solve=6.112940075234749
bottom=5.614876877918169
harmful=7.433209366248537
supreme=4.940522997996381
speed=5.2239215322006505
bill=3.9830607260000237
tomorrow=7.096008093721048
strong=4.472727518321093
continued=3.990394599869794
include=2.8773021758717516
hear=6.627570804088725
goes=4.452369695992168
calling=5.169041142974659
cyberspace=7.7535617144619895
law=1.113092423998042
applauded=7.7535617144619895
fate=5.841428356904937
act=2.8773021758717516
communications=1.76420975187371
constitutional=4.237937919213974
surf=7.096008093721048
indecency=8.419554817757685
content=3.52841950374742
chance=5.169041142974659
sense=4.118931415724299
mistake=7.096008093721048
wrongdoers=8.87306473747303
develop=3.697612995485372
majority=4.118931415724299
twice=6.845236928224443
board=3.850667126044459
sent=4.452369695992168
addition=3.697612995485372
kidding=8.87306473747303
senate=3.990394599869794
introduced=5.232023839722341
decision=3.3932544697387907
determining=4.810705419483413
expedited=8.87306473747303
resolution=4.472727518321093
rewrites=8.87306473747303
included=3.850667126044459
judicial=4.963759550042501
applauds=8.87306473747303
house=2.5845205714873294
press=2.8773021758717516
help=2.8773021758717516
communicate=5.841428356904937
court=3.673217513084856
release=4.237937919213974
federal=3.124448387612617
freedom=3.6261048894221335
inappropriate=6.845236928224443
protects=6.821738174979168
minors=7.196846784557693
caucus=8.964001567948351
time=1.76420975187371
compromise=6.475681839759663
pretty=7.7535617144619895
review=2.226184847996084
phildelphia=8.87306473747303
net=4.333150017419995
bureaucrat=8.87306473747303
alternative=3.697612995485372
morning=5.963450547515912
technologies=5.709366066703262
washington=2.806518272585895
incentives=6.845236928224443
access=3.52841950374742
founders=6.435187697531789
found=3.1248454952159324
optimistic=7.096008093721048
page=1.113092423998042
white=4.115647370161587
parental=5.709366066703262
narrow=6.282133566972701
kids=7.662227666122653
educate=7.72725418279163
join=4.641511927745461
am=3.52841950374742
speech=4.601956099546168
spend=5.614876877918169
congress=4.346498677269313
debate=4.810705419483413
june=3.8314935156104784
medium=4.963759550042501
totally=5.963450547515912
wife=5.871849546383965
constituents=6.845236928224443
final=3.850667126044459
decency=7.7535617144619895
children=3.3392772719941255
citizen=5.232023839722341
government=1.76420975187371
march=3.697612995485372
introducing=6.435187697531789
solution=4.641511927745461
replaced=6.821738174979168
laws=3.3392772719941255
legislators=7.395225990970744
effective=3.52841950374742
ruling=5.65230541970848
developed=3.6261048894221335
founded=5.514478380090683
tried=5.61303654517179
internet=4.696190772715008
standard=4.274862303265616
enlightened=8.87306473747303
software=4.237937919213974
re=3.248046124157684
district=4.237937919213974
encourage=5.29262925562113
