#Tue Mar 12 00:16:51 EDT 2019
home=1.2204037955836615
claims=4.291530168298815
london=4.87154078989926
traveller=6.516565997206785
negotiate=6.516565997206785
designed=3.6389463062586556
handled=5.781565748292757
clients=5.381386458032007
arranged=7.851611949887146
holidays=7.185743016817154
usa=3.6612113867509843
subjects=5.475762681548303
hold=4.403723634526766
accident=6.046119981262715
client=4.607258964327473
crispin=9.728502009901993
speers=9.728502009901993
plans=3.556431156755643
plan=3.445502350590671
insurance=4.778404607249884
canada=4.516030677347923
occasional=7.851611949887146
nationals=7.505174726523204
residing=8.824439000058414
underwriters=9.728502009901993
ensure=4.50867361320709
market=3.426106602429574
fast=5.29818713191333
range=3.744372386597488
benefit=3.3815052099053178
addition=3.744372386597488
benefir=8.985272019557229
receive=3.744372386597488
business=1.7865196512310506
short=3.6612113867509843
association=3.3815052099053178
programs=2.913688054532823
overseas=6.49791082344178
offers=3.8685885034757423
partners=5.781565748292757
travel=5.475132343668651
niche=7.851611949887146
medicus=9.174445191079077
companies=3.573039302462101
care=3.6612113867509843
time=1.7865196512310506
outside=4.171018728611557
expatriate=8.501069580218632
cover=4.873748595937816
offer=4.171018728611557
extended=5.098816107245427
passport=6.516565997206785
period=3.164361764997042
schemes=7.185743016817154
specialising=8.985272019557229
levels=3.744372386597488
provides=2.913688054532823
spent=5.098816107245427
planning=4.040856457834596
placed=4.607258964327473
page=1.1271684033017726
csp=10.098561332575038
available=2.617203983295715
country=2.617203983295715
reinsurance=8.985272019557229
foreign=2.617203983295715
know=4.171018728611557
renewable=9.011100744002707
appropriate=4.171018728611557
private=3.556431156755643
periods=5.520572180729831
understand=4.171018728611557
lloyds=10.098561332575038
medical=4.036410417879485
policies=3.164361764997042
term=3.164361764997042
secure=5.685881665142119
respect=4.171018728611557
canadian=5.026530417212842
months=3.573039302462101
choice=3.8993620139110696
brokers=7.488744773194976
world=1.7865196512310506
quality=3.744372386597488
require=4.403723634526766
insuarnce=8.985272019557229
developed=3.3815052099053178
abroad=5.692294048444311
heart=4.788129672669876
responce=8.985272019557229
full=3.2746985799257855
international=2.440807591167323
situated=6.931800641401768
insurers=7.488744773194976
speciality=8.985272019557229
health=2.617203983295715
underwritten=8.985272019557229
protection=3.800479015473771
british=4.040856457834596
contract=4.788129672669876
stay=5.23440796659143
enables=5.781565748292757
