#Tue Mar 12 00:16:51 EDT 2019
home=1.123723453601555
housing=4.593177860437856
marketing=3.8874444459935216
engine=7.436020928410523
note=4.593177860437856
coolant=9.705722150461668
hose=8.806919765377662
radiator=10.314682958664699
created=3.154690568499895
core=4.93575010363923
heater=10.078512571863774
adjust=6.171324128079975
industry=2.6092050578013057
hot=6.389593930776782
ethylene=8.957810452980775
cracked=9.705722150461668
drives=8.29724168791157
glycol=8.957810452980775
surging=8.29724168791157
start=1.7810595351393348
systems=2.6092050578013057
dirt=8.990000721805863
rubber=7.465857022805722
belt=7.527957661328687
check=4.939525917188505
leaks=8.481163825978905
beware=8.957810452980775
communications=1.7810595351393348
department=3.154690568499895
chunking=8.957810452980775
january=4.028506442342445
belts=9.705722150461668
modified=5.083232663840992
site=3.3711703608046646
dash=6.910615071906016
soft=5.897219229657447
periscope=7.16378132663926
tighten=8.089201514005381
broken=5.763895626301201
upper=4.856651965004415
accessories=6.690870041329576
running=5.78929496406366
mushy=8.957810452980775
cracks=9.33530075260551
clamps=7.8276151734039185
checklist=8.29724168791157
ok=4.158270899913873
gasket=8.957810452980775
water=3.732928511402861
replace=6.59370086371884
glazed=8.957810452980775
rusty=8.957810452980775
care=3.6526384450291642
cool=6.871655365662325
swollen=8.957810452980775
feel=5.4590271813754745
condition=4.3648572847073295
system=1.92976498802122
car=4.756819596680855
worn=7.465857022805722
cap=6.690870041329576
freeze=6.910615071906016
automotive=6.020406841479367
ribbed=8.957810452980775
missing=6.342133569204167
bugs=8.29724168791157
wear=6.496649503794828
quiz=7.16378132663926
bolts=8.957810452980775
firewall=8.29724168791157
minutes=5.78929496406366
level=2.6092050578013057
brush=8.29724168791157
mixture=7.16378132663926
grooves=8.957810452980775
page=1.123723453601555
copyright=1.123723453601555
leaves=5.343178605418005
maintenance=4.390264592940641
garden=6.020406841479367
insulate=8.957810452980775
hide=7.465857022805722
clean=5.914816049341336
hoses=10.48231085139253
causing=5.567146587728021
anti=3.3711703608046646
flush=8.957810452980775
council=3.8874444459935216
look=2.9047829887408896
news=3.154690568499895
clogged=8.957810452980775
front=4.158270899913873
exterior=7.16378132663926
information=1.123723453601555
excessive=6.52306680777036
run=3.732928511402861
cooling=6.690870041329576
runs=6.342133569204167
loose=8.089201514005381
inspect=8.06003437353283
oil=3.8874444459935216
dried=7.8276151734039185
operation=3.8874444459935216
tips=6.020406841479367
thermostat=9.705722150461668
tune=7.16378132663926
service=2.24744690720311
engines=5.763895626301201
warm=6.910615071906016
