#Tue Mar 12 00:16:51 EDT 2019
plantations=8.03323712720756
interpretive=9.16982610001337
tributary=9.193121265577046
river=5.065406270596079
processes=4.612969221510858
human=2.6777457090691863
traverses=9.193121265577046
series=3.9895628951738353
planted=7.661976028893802
graded=7.661976028893802
trees=6.152618906729485
panels=8.03323712720756
farm=5.367404689712994
habitat=7.661976028893802
provide=3.2102662386993184
oak=6.333437325606973
opportunities=4.50559151733808
orchards=9.899863976529637
missouri=4.134330419024323
tree=6.37005917626983
table=5.483537424806681
crosses=7.661976028893802
arbor=6.333437325606973
unobtrusive=8.515200160480102
day=2.306484610755429
nearby=6.667308604243022
walking=6.333437325606973
south=2.306484610755429
forest=5.602429202302045
ll=5.483537424806681
natural=3.9367314645764284
understanding=4.267503631460293
enjoy=5.817408703442728
aboricultural=9.193121265577046
windbreaks=9.193121265577046
property=3.9895628951738353
environment=3.237560462327185
croplands=9.193121265577046
grasslands=9.193121265577046
trails=8.725321083629279
settings=6.178555624986755
creek=6.866631079662042
hickory=8.515200160480102
