#Tue Mar 12 00:16:51 EDT 2019
welcome=5.420745936838008
call=3.237560462327185
champaign=7.6373740620130945
page=1.1532423053777145
feel=5.602429202302045
leave=5.355491418138373
aikikai=9.899863976529637
home=1.1532423053777145
affiliated=8.515200160480102
message=5.7133887742843275
cia=5.355491418138373
st=3.459726916133143
urbana=7.394519413140589
hombu=9.193121265577046
class=3.459726916133143
aikido=10.624629845966362
questions=2.981088113646608
illinois=3.4864554993790446
note=4.713835070189284
halls=6.667308604243022
watch=6.667308604243022
dojo=9.193121265577046
schedule=6.508733723516087
probably=5.216763018722113
philo=9.193121265577046
east=3.237560462327185
dojos=9.193121265577046
midwest=7.394519413140589
free=2.306484610755429
maf=7.092148545587539
organization=2.6777457090691863
federation=5.970551969776444
training=3.830988014446901
rd=6.333437325606973
maps=6.866631079662042
tokyo=6.333437325606973
washington=2.6777457090691863
continued=4.134330419024323
central=3.2102662386993184
doors=7.351965170680362
united=2.306484610755429
usaf=9.193121265577046
individuals=3.9895628951738353
