#Tue Mar 12 00:16:51 EDT 2019
cause=4.427476595911628
home=1.1332481643812258
marketing=3.9203945316230904
clinton=4.427476595911628
purchase=4.977585656743707
upholstery=9.033737099799705
related=2.6313207513563
droop=9.033737099799705
fabric=7.893962254068901
created=3.181429812188379
wide=3.399744493143677
industry=2.6313207513563
drive=5.053642696004316
headliner=8.367569335779997
free=2.2664963287624516
protecting=5.505298045327202
pamphlet=6.223632440466955
looking=3.9203945316230904
heat=5.505298045327202
systems=2.6313207513563
try=5.00892856588193
shade=9.38654753498367
spaces=7.893962254068901
communications=1.7961558445553276
february=4.977585656743707
department=3.181429812188379
sense=4.193516517986773
cardboard=8.367569335779997
port=5.614333874730168
summer=6.181587645771061
temperature=6.395889667093826
common=3.399744493143677
site=3.399744493143677
modified=5.126318283166357
periscope=7.224501733431837
dash=6.969189634587412
near=4.193516517986773
little=3.9203945316230904
ceiling=7.893962254068901
help=2.929404008936553
oh=6.0714359748104005
finally=4.6321097618234175
envelope=6.551715282979391
send=1.7961558445553276
rear=8.367569335779997
interior=6.175717191341255
addressed=6.071055905304034
allow=3.9203945316230904
published=4.06265217331778
care=3.9006891630567924
time=1.942271833175946
cool=6.395889667093826
exposure=6.551715282979391
windshield=9.033737099799705
car=5.342244487628906
automotive=6.0714359748104005
quiz=7.224501733431837
placed=4.6321097618234175
windows=5.9472042214156735
page=1.1332481643812258
copyright=1.1332481643812258
hard=4.532992657524903
keep=4.534656076494418
crack=6.969189634587412
maintenance=4.427476595911628
dept=6.0714359748104005
stamped=7.529137831475053
blockers=9.033737099799705
relentless=9.033737099799705
assure=7.224501733431837
council=4.397808748308376
avoid=4.72555985349188
padded=8.367569335779997
self=3.181429812188379
building=3.399744493143677
news=3.181429812188379
information=1.1332481643812258
park=5.760093165568901
sun=5.296250983787993
lower=3.7645689157375264
fade=9.033737099799705
lake=4.6321097618234175
grande=7.224501733431837
full=2.929404008936553
tips=6.565342933104343
service=2.2664963287624516
inexpensive=9.033737099799705
