#Tue Mar 12 00:16:51 EDT 2019
bldg=8.429273348735208
national=1.8094010319035945
railroad=5.8556148675839275
mccravy=7.952173800295378
jose=7.020581735476387
page=1.2323347679517116
international=2.5546150531638663
livermore=8.689848797155864
exit=7.014785294824188
add=5.61034010325227
maintained=5.991060011741348
gate=6.767801511090319
site=3.4248148415126263
left=3.792329547269335
badged=9.100353557778304
box=4.346495214656344
anna=6.443054147367794
continue=4.517024649619739
directions=6.602297606400254
home=1.1416049471708756
oakland=6.600028850334148
bridge=5.655735017193355
road=4.666267800948511
avenue=5.301449200196918
fax=3.792329547269335
lawrence=5.655735017193355
laboratory=5.859613186615112
guarded=9.100353557778304
north=2.5546150531638663
traffic=6.843241499552803
called=2.95100597907447
november=4.092610926245346
exits=7.952173800295378
west=2.464669535903423
mateo=9.100353557778304
hour=5.890490887013533
disclaimers=6.797339964364231
visitors=7.277776553235055
light=3.4248148415126263
tel=5.428203095710783
east=3.8267198274376097
building=3.4248148415126263
street=3.792329547269335
map=5.301449200196918
prior=4.092610926245346
entrance=6.443054147367794
miles=5.520431284945543
south=2.5546150531638663
entry=5.758705282139283
francisco=4.566419788683502
rush=8.142885847916036
update=5.301449200196918
pcmdi=8.153545097003574
proceed=6.269526663905648
ca=5.326062255917001
drive=5.090909197406564
office=3.1855391634900823
vasco=9.100353557778304
badge=8.429273348735208
minutes=6.208518167473297
mailing=6.600028850334148
llnl=6.703217311877901
address=4.048969063042511
hwy=9.100353557778304
san=4.243123758363611
return=2.650724600098459
overpass=9.823610275774886
passing=5.655735017193355
airport=7.7533209531836516
