#Tue Mar 12 00:16:51 EDT 2019
home=1.1319398435004675
beth=8.13443877229207
bratt=6.961143792019581
form=2.842864351970033
circulation=6.544151409347012
groen=9.759999480432876
spotlight=6.961143792019581
local=2.6282829243461396
usa=3.3958195305014023
info=3.7602227678466074
email=5.256565848692279
wa=6.388505692192747
nas=6.544151409347012
mail=3.2836801992256195
writer=5.256565848692279
enter=5.297059495320329
lyndentrib=7.88484877303842
north=2.263879687000935
contact=3.3588179570892525
staff=4.02675859218942
roster=7.88484877303842
manager=5.664820012605493
box=4.309696734624619
com=1.1319398435004675
manage=5.940338248269129
message=6.065695192918341
howard=5.200971435899396
interactive=6.1761293344043375
mann=6.1761293344043375
production=3.7602227678466074
editor=4.884507869072788
neal=6.1761293344043375
maggy=9.759999480432876
david=4.530651997570868
fax=3.7602227678466074
brumbaugh=9.759999480432876
publisher=6.961143792019581
martin=5.004505706692194
marlene=9.040275521357554
roorda=9.759999480432876
sales=5.081203612523638
jones=4.897420136704004
newman=7.8053116208401185
subscribe=4.808398404768662
please=3.566185492898779
review=2.263879687000935
neese=9.759999480432876
presentation=5.320614998936009
farm=4.892162611347074
history=1.7940822050204153
weidkamp=9.759999480432876
washington=2.6282829243461396
feature=5.382246615061246
winning=5.382246615061246
name=3.3958195305014023
thanks=6.739792039750381
th=2.9260220485208825
copyright=1.1319398435004675
calvin=6.739792039750381
mary=6.910083738116067
meet=3.5881644100408305
carol=6.723977985446295
sports=2.263879687000935
story=3.7602227678466074
phone=3.9158684850008716
ashley=6.910083738116067
top=3.3958195305014023
award=5.047808328501339
roy=6.910083738116067
view=2.9260220485208825
news=3.437199131540002
tribune=8.026457970154752
community=2.842864351970033
information=1.224355034176001
lynden=9.460993449837822
advertising=5.877772355990188
ric=9.040275521357554
office=2.9260220485208825
select=6.06442657765301
street=3.7602227678466074
lewis=5.1054686676522625
hallock=9.759999480432876
urie=9.759999480432876
direct=3.7602227678466074
dee=9.759999480432876
agnes=7.2900502270943415
input=6.06442657765301
michael=5.377755948278134
address=3.5881644100408305
sarah=8.5285930559101
