#Tue Mar 12 00:16:51 EDT 2019
home=1.1336849436831584
engine=6.226031168228687
return=2.846215277350534
required=3.593696246739964
abeking=9.037218905028524
construction=4.195132793463707
cramer=10.367129210843315
beam=7.227286218704453
length=6.183409227490186
tons=7.538348944533431
ssv=10.367129210843315
regulations=4.534739774732634
cummins=7.538348944533431
built=5.197491493007798
woods=6.5672775993020975
hole=8.538645832051603
standards=3.7660198651718817
auxiliary=7.227286218704453
steel=6.287465885282553
germany=3.7660198651718817
box=4.667048807117255
fully=4.429183044858704
complement=7.897004764466169
comparable=6.398354786660604
requirements=3.7660198651718817
sail=6.750182708819414
american=1.9428441791601216
persons=4.667048807117255
route=6.226031168228687
operator=6.398354786660604
displacement=8.370794384986542
navigational=9.037218905028524
association=3.6773945975557076
modern=2.9305330670531404
document=4.633895080989894
education=1.9428441791601216
sea=4.398906389326202
feet=6.733232759170047
shipyard=8.370794384986542
horsepower=9.05093142503099
inspected=7.897004764466169
guard=7.298643114867608
spain=4.979504130081494
rasmussen=8.370794384986542
corwith=10.136368553536839
brigantine=9.037218905028524
fly=6.554240461239285
exceed=6.226031168228687
page=1.1336849436831584
shipping=6.183409227490186
staysail=9.037218905028524
westward=9.388890306163553
certificated=9.037218905028524
meet=3.8856883583202433
operational=5.616497765136256
bureau=5.828532537480364
equipment=4.316340950394671
vessels=7.351398433721461
safety=4.398906389326202
lemwerder=9.037218905028524
united=2.267369887366317
sq=9.77150373315953
owner=5.390544370109946
top=3.4010548310494753
schooner=9.037218905028524
ma=3.8856883583202433
passenger=7.532039730343763
oceans=7.814511854679932
deck=9.037218905028524
vessel=9.05093142503099
astace=9.037218905028524
ft=5.954904355503478
rig=8.370794384986542
world=1.9428441791601216
class=3.4010548310494753
diesel=6.9182287538863045
equipped=6.750182708819414
bilbao=9.037218905028524
classification=5.507419910875056
draft=5.507419910875056
coast=5.828532537480364
school=3.569745803679177
operation=3.921905539750562
ships=6.750182708819414
inches=8.538645832051603
flag=6.9182287538863045
sailing=8.44812231162897
