#Tue Mar 12 00:16:51 EDT 2019
application=3.1326406120130286
return=2.593352997708344
wide=3.3506890287670363
power=2.593352997708344
catastrophe=7.42049868126138
schedule=6.303602338339034
iceland=6.868630067672008
discounts=6.133830639157374
form=2.813876892291067
issued=4.827145683553035
cancellation=6.868630067672008
requiring=5.310716462173545
specialist=6.650220084112824
islands=5.249903931318727
usa=3.8682008358012907
madeira=8.903387842853814
free=2.233792685844691
casual=7.780058993125032
limits=4.827145683553035
ussr=5.4258612074442425
accident=5.533323741190479
include=2.8871351636468603
bordering=8.246832321484295
article=3.71024934063069
max=6.359810191802592
conditions=3.3506890287670363
plans=3.1355244457311846
accompanied=5.861391047686699
person=3.4021514968665265
contact=2.8871351636468603
plan=2.8871351636468603
insurance=4.622451647201954
canada=4.4844548963943724
occupations=7.780058993125032
worldwide=5.322921294065383
limit=5.349462078995607
countries=3.1355244457311846
known=3.1355244457311846
effect=2.593352997708344
mediterranean=7.42049868126138
exceeding=7.42049868126138
insured=7.45269905261525
persons=4.25242078865353
benefit=3.8682008358012907
expenses=5.322921294065383
similar=3.3506890287670363
hospital=4.363591818432859
included=3.863826523445928
calculated=6.133830639157374
tools=5.186705995416688
curtailment=8.246832321484295
excluding=7.725724230138877
fruit=7.42049868126138
uk=5.186705995416688
variations=6.133830639157374
azores=8.903387842853814
documents=4.25242078865353
valuables=8.246832321484295
personal=2.5186221102247868
jewellery=8.903387842853814
hazardous=6.457179521154273
sea=3.863826523445928
europe=3.6356124444425175
additional=4.0040315065692065
medicus=8.441630676873203
containing=5.533323741190479
activities=2.8871351636468603
time=1.995960799096737
please=3.4021514968665265
hijack=8.246832321484295
notes=3.1355244457311846
parent=4.467585371689382
cover=4.660004645832067
extended=5.83268204640622
including=1.2593110551123934
bar=3.3506890287670363
period=3.4021514968665265
complete=3.71024934063069
manual=6.1131540116707495
hrs=8.441630676873203
geographical=6.457179521154273
page=1.1168963429223455
west=2.233792685844691
shown=4.467585371689382
available=2.593352997708344
light=3.3506890287670363
baggage=7.780058993125032
machinery=6.650220084112824
inclusive=8.05149541421048
quotation=8.246832321484295
certificate=6.655416486688779
provided=3.863826523445928
age=3.77793316533718
child=3.54047764144903
appropriate=4.1330075883963815
waitressing=8.903387842853814
sports=2.233792685844691
legal=2.8871351636468603
single=3.71024934063069
urals=7.12025822685713
agent=4.565272299223484
medical=3.3506890287670363
quotations=7.780058993125032
premium=6.915951317261188
maximum=4.827145683553035
guardian=6.868630067672008
months=4.372746240600853
arrange=7.42049868126138
world=1.770238820724515
canary=8.903387842853814
picking=8.903387842853814
money=3.1355244457311846
full=2.8871351636468603
terms=3.1355244457311846
liability=4.827145683553035
premiums=8.772089157203142
ipt=6.868630067672008
standard=4.02574770710524
territories=6.303602338339034
leisure=6.868630067672008
undertaking=7.780058993125032
refer=5.861391047686699
protection=3.6356124444425175
tax=3.863826523445928
stay=5.9877894648758625
