#Tue Mar 12 00:16:51 EDT 2019
potential=3.5867841108576215
home=1.131504407588709
marketing=3.914362124239844
clinton=4.420663928897915
deterioration=6.737199368851178
created=3.1765344679740357
inspection=6.541633997708949
warns=7.517552562115628
trouble=6.062093707111085
industry=2.6272718734691045
shake=7.517552562115628
attention=3.758776281057814
kind=4.308038875562745
warrants=7.517552562115628
damaged=6.386048154526918
sways=9.019836666580659
drive=5.045866531828553
bottoms=8.35469395126606
bushings=9.019836666580659
comfort=6.062093707111085
free=2.263008815177418
shocks=8.526083559349646
pamphlet=6.214055984326726
dives=9.019836666580659
systems=2.6272718734691045
road=4.624982220729827
rubber=7.517552562115628
leaking=7.881815620407314
failure=3.914362124239844
communications=1.7933920554288107
department=3.1765344679740357
january=4.056400870606229
port=5.605694961262469
quickly=5.118430291279112
site=3.3945132227661268
bumpy=9.019836666580659
modified=5.118430291279112
indication=6.9584659712755155
periscope=7.213385215120863
annoying=9.019836666580659
lead=4.308038875562745
oh=6.062093707111085
envelope=6.541633997708949
send=1.7933920554288107
serious=5.318568258681675
affects=4.624982220729827
addressed=5.605694961262469
care=3.8972436627655456
condition=4.056400870606229
car=5.155984221415942
worn=8.437592695217676
automotive=6.062093707111085
noticed=6.737199368851178
quiz=7.213385215120863
accustomed=9.019836666580659
components=4.806548704578762
weak=6.386048154526918
vehicle=4.624982220729827
page=1.131504407588709
copyright=1.131504407588709
maintenance=4.420663928897915
visual=5.605694961262469
dept=6.062093707111085
stamped=7.517552562115628
example=2.9248964630175194
applied=4.187063851092966
safety=3.914362124239844
classic=5.605694961262469
sneak=8.35469395126606
forget=8.35469395126606
council=4.393423656572081
critical=3.3945132227661268
self=3.1765344679740357
control=2.4479895474578997
discloses=8.35469395126606
news=3.1765344679740357
information=1.131504407588709
poor=3.758776281057814
absorbers=9.019836666580659
rattle=9.019836666580659
lake=4.624982220729827
grande=7.213385215120863
ride=8.132045253690997
shock=7.803014946284613
factor=4.890280688646523
tips=6.062093707111085
struts=9.757127648588442
brakes=9.019836666580659
rc=6.737199368851178
pending=6.9584659712755155
service=2.263008815177418
