#Tue Mar 12 00:16:51 EDT 2019
biology=6.642653143143081
home=1.115625484426037
divided=5.627654633045127
transportation=4.358626713325282
instruction=5.627654633045127
housing=4.560077712343336
application=2.88385004209018
enrollment=7.412055280174353
architecture=2.231250968852074
iliinois=8.237448678149974
major=2.231250968852074
deadline=6.296429795748315
sweden=6.454576440566298
swedish=7.924275103505169
gpa=7.718977908727305
approximately=4.739096189992191
fourth=4.821653124513213
institution=4.821653124513213
qualify=5.8547216744182276
spring=5.622839470438241
local=2.5904021556611387
minor=5.1808043113222775
nobel=6.642653143143081
estimated=4.560077712343336
subjects=5.41968740102168
knowledge=3.7060276400871763
students=4.511237617621342
airfare=7.412055280174353
society=2.8114197352191206
tradition=4.358626713325282
various=2.421625149727562
contact=2.88385004209018
north=2.231250968852074
residence=4.6520745997543225
literature=2.231250968852074
prize=6.126851270989425
excellent=5.722358850537473
field=3.536449115328286
february=4.900181252540477
population=3.346876453278111
ages=5.1808043113222775
estimate=6.296429795748315
located=4.462501937704148
january=3.999475526516217
cum=7.000143040946525
includes=2.231250968852074
music=2.231250968852074
oisp=8.044464620165805
board=3.8594300753809843
duration=5.8547216744182276
aid=3.7060276400871763
fell=6.649604788340562
advanced=4.358626713325282
enroll=7.7712064669834175
receive=3.7060276400871763
isu=6.347754127073857
original=4.128304853140504
produced=4.462501937704148
id=5.243930337566542
math=5.527027658717043
business=1.768224557664143
monday=7.209415765823957
modern=3.129905101424501
uppsala=10.031214313638028
student=4.188723305727404
train=6.126851270989425
graphics=5.527027658717043
deep=6.296429795748315
research=1.768224557664143
programs=3.129905101424501
education=1.9190925265607206
scientific=4.560077712343336
roots=4.358626713325282
card=5.1808043113222775
technology=3.131956694876334
hours=4.247582179302371
financial=2.88385004209018
fall=3.9889635968767543
development=1.768224557664143
history=1.768224557664143
culture=3.6324377245913424
advisor=6.296429795748315
recipients=5.41968740102168
october=3.536449115328286
language=3.7060276400871763
hall=4.511237617621342
reduced=4.975055559807021
academic=4.560077712343336
minutes=5.304673672992429
middle=3.999475526516217
stockholm=7.7712064669834175
supplies=6.642653143143081
available=2.921863022266092
largest=4.247582179302371
college=4.247582179302371
program=2.0762851645485854
june=3.536449115328286
prerequisites=7.412055280174353
administration=2.88385004209018
undergraduate=6.860814609295037
phone=3.8594300753809843
science=1.768224557664143
people=1.768224557664143
studies=1.9190925265607206
credit=3.999475526516217
community=2.5904021556611387
december=3.8594300753809843
august=3.8594300753809843
bring=4.128304853140504
study=2.231250968852074
cost=3.775133728774447
city=2.5904021556611387
art=1.768224557664143
university=4.619414187188947
office=2.88385004209018
studied=5.977021550489736
fee=5.046600998557297
economics=2.231250968852074
full=2.88385004209018
tuition=6.296429795748315
international=2.516755819182965
majors=8.94028200640326
political=1.768224557664143
communication=4.128304853140504
credits=6.296429795748315
apply=4.358626713325282
design=3.131956694876334
books=3.8594300753809843
semester=7.112156453831501
