#Tue Mar 12 00:16:51 EDT 2019
exquisite=8.265663890553991
home=1.1194467658975573
improve=4.373556041969538
easily=5.063886802045252
merchandise=6.6654058031817565
compression=8.456412342613573
organs=6.884314524017336
technique=4.962150679404866
engraved=8.923718650681712
created=3.1426843882239743
reading=4.7553287166916745
circulation=6.47192443379561
calendar=6.884314524017336
carry=4.838168428263449
learn=4.575697058364134
describe=5.198549792936669
looking=3.8726495373272747
initiate=7.437443324731785
method=3.7187216623658923
costs=3.548562291002407
unique=4.262131154121532
body=4.490613515826346
structural=4.838168428263449
functions=4.262131154121532
reflexologist=9.677396908161803
physical=3.1426843882239743
vitality=7.7978246894050045
map=5.198549792936669
receiving=4.992096303224832
vigour=8.923718650681712
acute=5.741959284692308
trauma=6.884314524017336
disease=4.477787063590229
yvette=8.265663890553991
shape=5.741959284692308
consultations=7.1365172738907185
learns=8.265663890553991
ancient=4.477787063590229
individual=2.5992748964683345
sense=4.492307373699246
aim=5.063886802045252
muscles=7.7978246894050045
effect=2.5992748964683345
relaxation=7.437443324731785
spirit=4.838168428263449
elimination=5.997494264697689
reflexologists=8.923718650681712
step=4.013174677296318
proper=4.916965533725177
reflexology=9.312191285742255
imbalances=8.923718650681712
stamps=7.437443324731785
stamina=8.923718650681712
interpret=7.1365172738907185
influences=4.013174677296318
resolved=5.874775482589232
business=1.7742811455012035
evaluate=5.6469306828284775
joints=6.6654058031817565
unfinished=8.265663890553991
correction=6.47192443379561
continue=3.8726495373272747
feet=6.396353848697656
book=2.8937279113987606
injuries=5.997494264697689
type=3.358340297692672
experience=3.4081088134265314
read=4.373556041969538
system=1.7742811455012035
intestines=8.923718650681712
touchpoint=8.963764245552627
structure=3.1426843882239743
foot=7.207192336072282
energizing=8.923718650681712
spine=8.265663890553991
language=3.7187216623658923
congestion=7.7978246894050045
slowly=6.47192443379561
ill=5.897554211926306
flexibility=6.317996558834227
key=2.5992748964683345
remembers=8.265663890553991
merely=5.438251113787358
page=1.1194467658975573
maintain=4.622101667215255
maintenance=4.373556041969538
eastman=6.317996558834227
formulate=7.437443324731785
entire=4.373556041969538
session=5.928107633866769
recognition=4.992096303224832
skill=6.884314524017336
understand=4.492307373699246
people=1.9241331493985891
regaining=8.923718650681712
improves=7.1365172738907185
direction=4.838168428263449
callouses=8.923718650681712
speak=5.874775482589232
identify=5.637608228409048
stomach=7.7978246894050045
benefits=3.548562291002407
information=1.1194467658975573
deserves=8.265663890553991
services=2.2388935317951146
require=4.373556041969538
differentiate=7.7978246894050045
acceptable=5.545959037284199
emotional=4.373556041969538
getting=4.6680090568999635
imbalance=8.065593935986497
lungs=7.7978246894050045
lines=4.142445274871915
chronic=6.317996558834227
health=2.9978371416154492
courses=5.874775482589232
prevention=5.261892040769472
tune=7.1365172738907185
protection=3.358340297692672
comfortable=6.884314524017336
