#Tue Mar 12 00:16:51 EDT 2019
monthly=5.5400115129808265
sense=4.311453979145769
buy=5.5400115129808265
baron=7.979100783423173
humidor=9.287799773395585
common=3.4953580986680297
month=4.4869961050583225
worth=5.270489639310158
free=2.3302387324453533
special=3.345406643591997
cigar=7.427681901895502
home=1.1651193662226766
value=3.270903587549867
offer=4.311453979145769
cigars=8.115970170989373
customers=5.976226977879658
call=3.270903587549867
