#Tue Mar 12 00:16:51 EDT 2019
mechanism=5.924597633596741
page=1.1550537597602615
matters=5.722363074902776
comments=1.9707191617381623
team=4.992059295413152
site=3.730156065222023
contacting=7.103288531958722
home=1.3339008657916096
organizations=3.9414383234763246
web=4.274206809205071
critique=4.512668671429627
community=2.681951775892629
processed=7.674011071305783
improving=5.363903551785258
network=3.9958294977405378
questions=2.985770655297259
learn=5.45227022283486
messages=6.661501701589518
read=4.512668671429627
direct=3.8370055356528914
email=5.363903551785258
regarding=3.4651612792807844
corrections=8.045855327677888
official=4.140824415057521
feedback=6.480065055399854
send=1.9707191617381623
understanding=4.274206809205071
development=1.830716895536998
concerning=3.4651612792807844
thank=7.403360493570732
assistance=4.274206809205071
website=6.269920609629673
time=1.830716895536998
pertaining=6.51895731154552
please=3.4906239965813572
improvements=6.343385566966624
christian=4.397699617464373
directly=4.140824415057521
tm=6.877416834663038
