#Tue Mar 12 00:16:51 EDT 2019
professionals=4.810705419483413
formats=7.7535617144619895
ep=7.262862825915065
button=2.226184847996084
public=2.0396276658878767
healing=6.199772742324686
planners=7.196846784557693
machine=4.810705419483413
consumers=5.232023839722341
power=2.5845205714873294
invite=7.096008093721048
favorite=6.845236928224443
george=4.452369695992168
chrome=8.87306473747303
employees=4.237937919213974
birthday=7.395225990970744
personalities=6.282133566972701
grand=5.29262925562113
gold=5.614876877918169
custom=6.627570804088725
bottom=5.614876877918169
kent=5.963450547515912
educator=6.845236928224443
robotic=5.841428356904937
proven=6.638011788196373
contact=2.8773021758717516
permanent=4.452369695992168
agencies=3.697612995485372
data=3.124448387612617
visit=5.147447122464659
lucas=8.87306473747303
list=3.850667126044459
produce=4.641511927745461
institutions=4.346830353464963
weddings=7.7535617144619895
successfully=5.29262925562113
trade=3.52841950374742
raising=6.638011788196373
colleges=8.010337523489058
producing=5.709366066703262
market=3.3932544697387907
excitement=7.395225990970744
site=3.3392772719941255
conference=4.333150017419995
anymore=7.7535617144619895
hospital=4.34873032336104
entertainment=5.709366066703262
media=1.208701629807378
parties=3.697612995485372
event=5.430570769816123
tools=5.169041142974659
foundations=6.343178538610242
help=2.8773021758717516
caring=7.433209366248537
messages=5.963450547515912
student=3.850667126044459
outreach=7.096008093721048
programs=3.248046124157684
company=2.8773021758717516
companies=3.52841950374742
affairs=4.118931415724299
robots=6.920315797132064
please=3.1248454952159324
income=3.990394599869794
discuss=4.810705419483413
parent=4.452369695992168
elementary=5.747240273415717
bat=7.096008093721048
hospitals=5.976001045298901
bar=3.3392772719941255
teaching=4.549723921969264
fool=8.21874530899469
scientifically=7.7535617144619895
bmoc=8.87306473747303
meeting=4.181420635654077
fund=4.722265030391134
entertain=8.030439804786546
comments=1.76420975187371
page=1.2868617806161649
facilities=4.237937919213974
copyright=1.113092423998042
schools=4.940522997996381
nationwide=5.514478380090683
interact=5.963450547515912
available=2.5845205714873294
educate=6.845236928224443
applications=3.850667126044459
hearts=8.87306473747303
robot=5.366117112391917
classroom=5.841428356904937
retailers=7.7535617144619895
dollar=4.118931415724299
children=3.3392772719941255
anniversaries=8.87306473747303
government=1.76420975187371
mitzvahs=8.87306473747303
types=3.3392772719941255
generate=6.282133566972701
term=3.1248454952159324
validated=8.21874530899469
museums=8.752617742502336
bring=4.118931415724299
special=3.124448387612617
openings=8.21874530899469
papers=5.0351425427728245
ya=5.29262925562113
corporations=5.747240273415717
super=5.4073818416029695
energize=8.87306473747303
thousands=5.232023839722341
campus=5.681429148128471
funny=8.21874530899469
promote=4.728335932906895
coast=5.747240273415717
school=3.1248454952159324
alma=6.282133566972701
organizations=3.8314935156104784
universities=8.030439804786546
tour=5.709366066703262
links=5.29262925562113
educational=3.7695472834730173
combine=5.841428356904937
results=2.8773021758717516
electronic=4.728335932906895
corporate=4.237937919213974
service=2.513031522315345
gowell=7.7535617144619895
facility=5.134476908802864
mascot=7.7535617144619895
