#Tue Mar 12 00:16:51 EDT 2019
com=1.1655810637524409
url=6.1168849336152755
http=3.871976482547931
www=3.9637667877738214
microsoft=6.1168849336152755
