#Tue Mar 12 00:16:51 EDT 2019
potential=3.563480447476534
usefulness=6.913256183445663
llnl=6.391464679568196
sailes=10.08101431242142
technique=4.594933289574717
statistical=5.944294195039543
return=2.6102022485745957
directory=5.569274250018969
leading=2.8278823152478325
potentially=6.4991324052145965
report=2.8278823152478325
captured=6.4991324052145965
gov=4.030046064321343
nonlinear=9.556157309336369
abstract=6.1435808252132516
intercomparisons=8.300412742953872
conducted=4.687633367768071
cpc=8.300412742953872
equatorial=7.830606745723789
various=2.2483058405830763
contact=2.905893144029805
modes=6.873667252663219
meaningful=6.693427170310508
merits=6.4991324052145965
global=4.213250839547712
data=3.4410462408926388
pp=6.5249766348234015
seasonal=6.34455741744073
vs=3.372458760874614
especially=3.1482326078330947
model=4.29280702684231
simulated=6.173682696051129
pcmdi=7.959141991442565
ecmwf=7.7641772398589755
neural=7.830606745723789
msu=6.693427170310508
exploratory=7.830606745723789
analysis=2.6304584325520195
temperature=6.34455741744073
principal=5.949520846240839
sounding=8.300412742953872
cycle=4.594933289574717
networks=5.766098482500475
common=3.6537078665026628
somewhat=5.284013035802643
associative=8.961233965404945
update=5.220404497149191
represented=5.284013035802643
similar=3.372458760874614
questions=2.905893144029805
atmospheric=6.6885422865789135
models=4.391942472312863
cpcs=8.961233965404945
linear=7.959141991442565
promising=6.913256183445663
dominant=5.724677858064557
auto=5.670670380378267
pacific=4.858508089157672
reduction=4.937636457664146
approach=3.8606599713310814
precipitation=7.7641772398589755
component=6.083415531062429
fields=4.937636457664146
variability=7.7641772398589755
observed=5.670670380378267
based=1.781740223738267
boyle=9.01527577085969
similarities=4.594933289574717
restricted=6.693427170310508
mode=6.379267574790329
sengupta=10.484406980972752
physically=5.569274250018969
found=3.155896233925879
components=4.775320119424379
applied=4.159860115511105
concluded=6.873667252663219
microwave=6.913256183445663
intercomparison=7.166519193722353
disclaimers=6.693427170310508
references=6.34455741744073
climatological=7.830606745723789
mi=3.372458760874614
identify=5.655764630495665
studies=1.9303299856655407
patterns=4.030046064321343
regions=4.4966116811661525
august=3.8889301566400003
climate=4.506775235897002
relative=4.159860115511105
methods=2.905893144029805
effected=7.468710337732269
traditional=3.563480447476534
uncover=7.468710337732269
applying=5.569274250018969
rigorously=8.961233965404945
fails=5.569274250018969
ucrl=7.468710337732269
pca=9.70856379707951
vertically=6.34455741744073
considered=3.8606599713310814
averaged=8.300412742953872
combination=5.461113522393453
enso=8.300412742953872
unit=4.280049154217417
identifying=6.4991324052145965
satellites=5.899473039715916
occur=4.858508089157672
analyses=5.569274250018969
nlpca=10.08101431242142
