#Tue Mar 12 00:16:51 EDT 2019
prgm=9.114503461811475
veterinarian=9.114503461811475
academic=4.673523259888352
bruce=4.673523259888352
taylor=4.767808844537223
roster=7.964538429363344
uro=9.114503461811475
isu=6.449710720271663
hall=4.098974420969348
homepage=6.807908972212765
membership=4.467060565822814
research=1.8122144227016996
scholar=7.031497856172502
proposal=4.231008761722931
care=3.4301399974014726
rsh=9.114503461811475
funded=5.554518306001098
winter=6.279274988524513
design=3.2098734683505605
community=2.864787493125062
philosophy=2.2867599982676485
services=2.4675936343016116
mcguigan=9.114503461811475
laboratory=5.436643268105098
roy=6.453072285376053
sciences=6.610130611017712
illinois=3.2098734683505605
coord=9.114503461811475
grad=7.596452284509878
iacuc=9.114503461811475
agriculture=5.374388760856755
representative=4.995310350696692
veterinarians=9.114503461811475
institutional=6.328493060572383
sub=6.279274988524513
alferink=9.114503461811475
hou=6.807908972212765
brunswick=7.596452284509878
produced=4.573519996535297
university=4.098974420969348
original=4.231008761722931
cheung=8.442379807533397
larry=6.125717806399643
horvath=6.453072285376053
faculty=6.703322546560546
philips=7.031497856172502
animal=5.866565066079433
peper=9.114503461811475
sponsored=6.279274988524513
ann=6.000375355775499
prj=9.114503461811475
office=2.9555944218355235
school=3.2098734683505605
gale=8.442379807533397
yount=9.114503461811475
tak=7.964538429363344
graphics=5.664528973078941
committee=3.6244288454033993
psychology=2.2867599982676485
carleton=6.807908972212765
chairperson=7.964538429363344
chris=7.031497856172502
college=4.353253467484384
biological=7.86550335960672
randy=8.906380531107034
