#Tue Mar 12 00:16:51 EDT 2019
fees=6.3663394454944555
gross=6.260897234987392
reports=4.849074031224691
accounting=5.53486552202477
mandate=8.246084636524138
asset=6.816265155376154
com=1.1523387071756164
download=6.328474897022942
home=1.1523387071756164
services=2.6254111640537956
management=3.2083505353403052
sample=6.816265155376154
reader=5.5980395394090205
ashland=7.390106786702546
quote=7.655972652385723
sheet=6.662084578000198
quarterly=8.64564872121968
returns=5.901573372454392
copyright=1.1523387071756164
list=4.293706110835929
performance=3.8279863261928617
acrobat=9.18591819315375
following=2.6756476190172447
determined=5.138775666158569
start=1.8264136390028491
quick=5.5980395394090205
disclosure=6.861250878581036
click=2.3046774143512327
aascpa=8.026942857051734
composite=6.861250878581036
independent=3.4570161215268485
value=3.2350237414669625
examined=4.502061258020094
weighted=7.632816513804705
client=4.710141646114788
report=2.6756476190172447
accountant=7.346204696511892
aimr=9.18591819315375
info=3.8279863261928617
full=2.978752346178465
composites=9.164354072039616
verification=6.662084578000198
advantages=4.387362448642579
overview=3.2350237414669625
