#Tue Mar 12 00:16:51 EDT 2019
solve=6.316102780837086
exciting=7.641005289045843
receive=3.8205026445229215
toy=8.491894156043998
add=5.05154231217017
try=4.700933358076072
activities=3.203571264886815
mail=2.972928909929528
child=3.6456860308291295
test=3.978643507633825
home=1.1500858945149637
answer=5.7551799082883
hope=4.255823523336998
community=2.6704167500079574
carefully=6.161644989641625
quiz=7.331842926968794
circus=7.331842926968794
learn=4.700933358076072
network=3.978643507633825
watch=6.649060257641783
game=5.587095418317987
puzzle=9.167959798910466
catagories=9.167959798910466
submit=5.202484798625688
day=2.3001717890299274
events=3.2286992967556056
biblenet=8.011250250023874
knowledge=3.8205026445229215
play=4.378785191270569
feedback=5.587095418317987
arts=4.795771925344093
contest=6.847837189748986
bible=6.725734467502288
free=2.3001717890299274
plan=2.972928909929528
outdoor=8.011250250023874
quizzes=9.167959798910466
enjoy=5.801486523048389
biblical=7.331842926968794
story=3.8205026445229215
trivia=8.491894156043998
select=6.161644989641625
time=1.9642607278894395
crafts=7.331842926968794
games=6.035567408648455
tv=3.978643507633825
correct=4.700933358076072
waldo=8.63276986243245
christian=4.378785191270569
tm=6.847837189748986
