#Tue Mar 12 00:16:51 EDT 2019
transportation=4.381894389717223
housing=4.584420795500361
application=2.899244911611146
italy=4.150343001320638
iliinois=8.28142268710845
deadline=6.330042054963851
mountains=6.484263399161063
gpa=7.15012331029817
earned=7.15012331029817
approximately=4.764394928285586
master=5.001613921054985
artist=5.657696766831667
qualify=5.885975961202819
drawing=6.1595582684111365
local=2.6042305110233093
spring=5.645846666122732
estimated=4.584420795500361
printmaking=8.940732053184812
studios=7.812691533069929
students=4.63362325848709
airfare=7.451623087881084
graphic=6.008928711247339
contact=2.899244911611146
de=1.777663878693914
restoration=6.1595582684111365
sculpture=8.940732053184812
supervision=6.1595582684111365
february=4.926339911940558
population=3.364743098751697
wealth=5.556532615078453
estimate=6.330042054963851
located=4.486324131668929
lorenzo=7.451623087881084
january=4.0208259445283785
cum=6.484263399161063
known=3.1486760332466437
includes=2.2431620658344644
liberal=4.381894389717223
oisp=8.077380475698613
board=3.880032888137753
downtown=8.28142268710845
studio=8.940732053184812
duration=5.885975961202819
aid=3.725811543940542
fell=6.676813240474791
isu=6.519962736495268
original=4.150343001320638
produced=4.486324131668929
id=5.271924034237871
semesters=8.28142268710845
monday=7.238914818778822
student=3.880032888137753
graphics=5.556532615078453
april=3.555327757387828
jewelery=8.940732053184812
programs=2.899244911611146
apennine=8.940732053184812
card=5.2084610220466185
arno=8.28142268710845
financial=2.899244911611146
arts=5.069656812201365
fall=3.8538899074134254
culture=3.364743098751697
surrounded=7.812691533069929
river=4.926339911940558
advisor=6.330042054963851
october=3.555327757387828
language=3.725811543940542
ceramics=8.940732053184812
hall=4.358478763282592
reduced=5.001613921054985
academic=4.584420795500361
half=4.270257066163876
weaving=8.28142268710845
banks=5.448619342407467
supplies=6.678113647995685
variety=3.555327757387828
medici=8.940732053184812
available=2.822923333061366
photography=7.812691533069929
program=1.777663878693914
homestay=8.940732053184812
prerequisites=7.451623087881084
administration=2.899244911611146
st=3.6473007143638188
undergraduate=6.897439726473835
phone=3.880032888137753
people=1.777663878693914
studies=1.9269449537067127
florence=7.765559113902787
credit=4.0208259445283785
december=3.880032888137753
august=3.880032888137753
hec=8.28142268710845
study=2.2431620658344644
batik=8.940732053184812
scuola=8.940732053184812
cost=3.6473007143638188
careful=6.678113647995685
art=2.048590216967139
university=4.358478763282592
pos=8.940732053184812
office=2.899244911611146
fee=5.07354129113952
full=2.899244911611146
tuition=6.330042054963851
international=2.525488922714678
situated=6.897439726473835
school=3.1486760332466437
painting=7.812691533069929
courses=5.885975961202819
apply=4.381894389717223
design=3.4130892042311607
books=3.880032888137753
semester=7.15012331029817
