#Tue Mar 12 00:16:51 EDT 2019
lake=4.751090407736334
meet=3.6845840200932996
james=4.756758570507312
bridge=5.7585439874290545
rapids=7.946767300840354
com=1.1623568439053975
wednesday=7.410070713192873
flickinger=9.265778206424635
grand=6.144315170541599
parish=7.72253171210789
school=3.2631482069251603
fraternity=7.72253171210789
dr=3.861265856053945
mother=4.751090407736334
st=3.4870705317161925
minister=4.02109401794579
michigan=3.861265856053945
prodigy=6.720003030094338
mi=3.4870705317161925
nw=6.693513459242487
hsmea=9.265778206424635
sorrows=9.265778206424635
sfo=6.383493032241846
