#Tue Mar 12 00:16:51 EDT 2019
frequently=4.654945862483811
feedback=5.65340963332352
sheet=7.476422209487233
education=1.8444786587309854
national=1.8444786587309854
institute=3.8658488601911647
iiib=9.27677592101816
history=1.8444786587309854
christian=4.430757760359854
purpose=3.491209396862858
ib=7.418865856029879
iib=9.27677592101816
nheri=9.27677592101816
learn=4.756729560233648
home=1.2504871517047418
research=1.8444786587309854
community=2.7021123945702112
questions=3.008215124351938
title=1.8444786587309854
network=4.02586672493034
