#Tue Mar 12 00:16:51 EDT 2019
amip=8.760523982928161
project=3.858216552083035
october=3.681674244620055
page=1.1614389119442563
gov=4.16371494619854
recommended=5.753996372293981
ozone=7.71643310416607
office=3.0022760342542836
update=5.393555280277556
climatologies=9.258460871816835
ii=3.0022760342542836
set=2.696777640138778
existing=4.422010158060193
intercomparison=7.404218860745304
disclaimers=6.915435284238238
ucrl=7.71643310416607
recommendation=8.090332920416335
contact=3.0022760342542836
return=2.696777640138778
home=1.1614389119442563
information=1.1614389119442563
mi=3.4843167358327687
pcmdi=7.142555603209843
data=3.0022760342542836
llnl=6.55261689401277
