#Tue Mar 12 00:16:51 EDT 2019
transportation=4.4121775214579415
housing=4.61610358074293
application=2.9192815003096233
enrollment=7.5031210163072055
deadline=6.373788772804563
london=4.880892751656244
earned=7.199537583420831
gpa=7.199537583420831
england=4.8887865878711825
qualify=5.926653752496486
local=2.6222282646509605
resources=3.170436432435499
estimated=4.9956833791816235
students=4.048613743812266
airfare=7.5031210163072055
psy=6.724265877464364
north=2.258664487005284
contact=2.9192815003096233
residence=4.709230757116605
recreational=6.2021267782649225
excellent=5.792664697086459
introductory=7.866684793952882
february=4.9603856892424805
population=3.387996730507926
cum=6.529075935770597
includes=2.258664487005284
oisp=8.120098758078903
board=3.906847671119636
duration=5.926653752496486
library=4.29976867593814
aid=3.7515605081536028
fell=6.7121244399738345
breaks=6.529075935770597
receive=3.7515605081536028
isu=6.398326282807343
original=4.179025888834564
eng=6.2021267782649225
id=5.308358132337206
produced=4.517328974010568
monday=6.724265877464364
cultural=3.387996730507926
extra=5.5949336339617215
junior=5.926653752496486
graphics=5.5949336339617215
student=3.906847671119636
exchange=4.048613743812266
programs=2.9192815003096233
activities=2.9192815003096233
illinois=3.170436432435499
card=5.244456529301921
technology=3.170436432435499
hours=4.653336419555136
financial=2.9192815003096233
advisor=6.373788772804563
hall=4.54717836245518
reduced=5.036179914622278
academic=4.61610358074293
th=2.9192815003096233
center=2.6222282646509605
supplies=6.724265877464364
available=2.9451413202020063
established=4.048613743812266
largest=4.29976867593814
program=1.7899492568069815
june=3.579898513613963
prerequisites=7.5031210163072055
administration=2.9192815003096233
extensive=4.61610358074293
st=3.387996730507926
undergraduate=6.945107711444133
phone=3.906847671119636
medical=3.387996730507926
studies=1.9371358539510894
course=4.048613743812266
credit=4.54717836245518
miles=4.880892751656244
cost=3.8052099804729864
city=2.6222282646509605
september=4.048613743812266
leicester=10.111132363756193
university=4.54717836245518
office=2.9192815003096233
fee=5.108604372457067
senior=4.61610358074293
campus=5.308358132337206
full=3.159332500918885
tuition=6.373788772804563
majors=8.33865533397981
terms=3.170436432435499
international=2.4443932939355912
situated=6.945107711444133
school=3.170436432435499
inbetween=9.00252116596225
apply=4.4121775214579415
design=3.170436432435499
books=3.906847671119636
starting=4.9603856892424805
