#Tue Mar 12 00:16:51 EDT 2019
home=1.1310693065560962
jimmy=6.734608691888149
rosanna=9.016368239748818
return=2.6262616001573664
injured=6.0597626307015995
sgt=9.016368239748818
victims=4.716474179772284
movie=7.987257199262207
killing=5.801574585105904
report=2.841191846389604
upside=7.8787848004721
industry=2.6262616001573664
injuring=7.514661813426926
swamp=7.8787848004721
joe=7.514661813426926
arquette=9.016368239748818
brimble=9.016368239748818
dead=5.494713195421637
details=4.623203761426832
accident=5.603539385332053
stillwater=9.03495697309562
stars=8.523575539168814
goes=4.524277226224385
described=4.1854537859504815
person=3.1753129849485378
stunt=10.121211745502054
fishin=9.016368239748818
extras=8.351481293903898
immediately=4.524277226224385
recreational=6.211666473373555
pesci=9.754257506291657
sheriff=7.8787848004721
air=3.757330906713463
disney=6.555686675072337
comedy=6.539118522127688
due=3.1753129849485378
flipped=8.351481293903898
set=2.6262616001573664
landed=8.129653143237736
cyprus=6.539118522127688
land=3.757330906713463
ok=4.1854537859504815
naples=6.734608691888149
went=5.043926228526417
injuries=6.0597626307015995
published=4.054841049720286
extent=4.054841049720286
fishing=7.210611428881337
lynn=9.016368239748818
sketchy=9.016368239748818
filmed=8.351481293903898
fly=6.539118522127688
page=1.1310693065560962
win=4.716474179772284
dream=5.705559358578415
bad=5.494713195421637
county=4.054841049720286
ramp=7.5250441268045645
available=2.6262616001573664
ap=6.8023109839755245
wrong=5.818245462205853
everglades=8.351481293903898
florida=4.054841049720286
boat=7.330208886216694
tip=5.9357697334872945
danny=9.016368239748818
fla=7.210611428881337
people=2.0123757676176575
officials=4.1854537859504815
control=2.2621386131121923
guys=8.351481293903898
newspress=9.754257506291657
building=3.393207919668288
news=3.1753129849485378
december=3.9128569219703215
collier=7.514661813426926
trip=5.494713195421637
gone=6.734608691888149
sic=7.210611428881337
boating=7.514661813426926
jersey=3.393207919668288
eyewitnesses=9.016368239748818
glover=9.754257506291657
walt=6.955790209953511
whitfield=9.016368239748818
snell=9.03495697309562
hurt=6.383592506870829
side=3.757330906713463
southwest=6.734608691888149
nick=6.955790209953511
boats=7.210611428881337
careened=9.016368239748818
crowd=6.539118522127688
