#Tue Mar 12 00:16:51 EDT 2019
graphic=6.25209364653167
powerpoint=9.98933331210964
slide=9.98933331210964
norling=9.302539063315896
version=4.183537790112555
internet=4.335097120794372
elizabeth=7.1765602761279235
view=3.016569435695741
david=4.318296048497731
rod=8.616549247688814
mitchell=5.043553316798503
christensen=9.302539063315896
japel=9.302539063315896
