#Tue Mar 12 00:16:51 EDT 2019
worried=7.641005289045843
cashable=8.491894156043998
travelers=8.011250250023874
chequing=8.011250250023874
pay=3.8205026445229215
service=2.4786210739947507
dealer=6.649060257641783
offers=3.6456860308291295
account=3.4502576835448906
purchaser=7.641005289045843
accept=4.700933358076072
buy=5.468529046243694
sending=5.801486523048389
relative=4.255823523336998
services=2.3001717890299274
canadian=5.526620593996465
waived=6.316102780837086
drafts=8.011250250023874
copyright=1.1500858945149637
delivering=6.847837189748986
prestige=6.490919394530879
funds=4.255823523336998
responsible=3.978643507633825
acceptable=5.697751295234022
recipient=6.490919394530879
send=1.8228430154145647
charge=4.885481514133491
savings=5.451880230704433
gift=6.316102780837086
purchase=5.443445263886874
consider=4.600343578059855
surrey=6.474082358556537
setember=9.167959798910466
cheque=7.331842926968794
money=3.8114784621054323
cash=6.139787689815975
accounts=5.340833500015915
standard=3.8205026445229215
canada=4.749222786970899
time=1.8228430154145647
metro=6.032643987886087
currency=6.2515707848885285
receipt=6.649060257641783
foreign=2.87758995414415
prepaid=7.072737416976364
friend=4.970588539037885
holders=7.641005289045843
bank=3.4502576835448906
