#Tue Mar 12 00:16:51 EDT 2019
housing=5.108248546257478
european=3.488449062630075
october=3.6860406332963587
british=4.168653025068229
industry=2.699975962034752
market=3.508451882352226
economy=3.6860406332963587
september=4.168653025068229
uk=5.803593219501676
ce=6.722659624457461
press=3.0058366708582045
july=4.323375458839753
prospects=5.229434379020496
return=2.699975962034752
energy=3.488449062630075
june=3.961568681908707
environment=3.2644382154405926
hompage=9.269441212831463
regional=4.882646955099986
construction=4.302931822022798
releases=6.562768278279529
economic=2.699975962034752
