#Tue Mar 12 00:16:51 EDT 2019
tar=8.643984419750618
accesswatch=10.013465579364029
index=1.8554902281348096
size=4.785127317746208
aw=8.154732156505085
