#Tue Mar 12 00:16:51 EDT 2019
revision=5.910095896770428
questions=3.0285849811355554
comments=1.8569683792348948
