#Tue Mar 12 00:16:51 EDT 2019
employees=4.378785191270569
operating=4.493259765422522
page=1.1500858945149637
force=3.8205026445229215
essentially=5.468529046243694
operational=5.697751295234022
mail=2.972928909929528
backbone=9.167959798910466
debt=5.340833500015915
com=1.1500858945149637
professionals=4.970588539037885
home=1.1500858945149637
line=2.972928909929528
management=2.972928909929528
company=3.203571264886815
major=2.3001717890299274
credit=4.123014804444492
mk=7.849213455929078
markets=5.202484798625688
backlog=9.167959798910466
merger=7.331842926968794
bonding=9.167959798910466
proven=6.316102780837086
resulted=5.340833500015915
construction=4.585993934215854
locations=6.035567408648455
established=4.123014804444492
news=3.2286992967556056
engineering=4.700933358076072
core=5.05154231217017
experience=3.2286992967556056
capacity=4.885481514133491
releases=6.490919394530879
revenue=5.468529046243694
financial=2.972928909929528
knudsen=8.63276986243245
free=2.3001717890299274
countries=3.2286992967556056
organization=2.6704167500079574
form=2.6704167500079574
office=2.972928909929528
unlimited=6.316102780837086
strength=5.587095418317987
focus=4.123014804444492
combined=6.490919394530879
morrison=6.503811864809071
washington=2.6704167500079574
financials=9.879217922544697
return=2.6704167500079574
information=1.1500858945149637
