#Tue Mar 12 00:16:51 EDT 2019
main=3.282606025296843
squeeze=8.633675781087488
poems=6.599292518697516
button=2.3385757173096673
law=1.1692878586548336
horse=7.76858037735235
red=4.451893883951676
puette=9.32102909237284
