#Tue Mar 12 00:16:51 EDT 2019
operations=3.568936378072764
home=1.1258740747648293
transportation=4.398666834538154
return=2.8311979940111036
construction=4.512059408742501
power=2.6141986455017716
knudsen=8.817861125108294
adam=5.923484916967877
brandon=8.313121238626323
expertise=6.923840848210008
tinstman=8.313121238626323
metal=6.703675261924984
robert=3.7400727202666015
built=4.601968444528347
client=4.601968444528347
vice=4.86594679503143
serves=5.092961131917071
mail=2.910342263801211
include=2.910342263801211
systems=2.6141986455017716
heavy=5.577801187160155
contracts=5.020758447610293
contact=2.910342263801211
completion=6.183135023574535
scheduled=5.353404567109146
germany=3.7400727202666015
box=4.286602200172924
communications=1.784468189036382
fully=4.398666834538154
fabrication=8.313121238626323
worldwide=4.945196314444477
announced=4.945196314444477
assembly=6.031928906203842
field=3.568936378072764
com=1.1258740747648293
corporation=4.512059408742501
idaho=4.286602200172924
thailand=7.310840047136827
management=3.151923895813272
common=3.3776222242944876
constructor=8.313121238626323
plaza=5.908505533631188
wins=6.703675261924984
telex=8.313121238626323
industrial=3.3776222242944876
projects=4.877322429139988
markets=5.092961131917071
similar=3.3776222242944876
mining=6.703675261924984
preliminary=6.703675261924984
fax=3.7400727202666015
late=3.894884372845463
opel=9.719947042637598
sites=4.503496299059317
underway=7.480145440533203
release=4.286602200172924
offices=4.036216338566041
officer=5.228397291003543
based=1.784468189036382
engineer=6.703675261924984
car=4.398666834538154
automotive=6.532627139351922
cleveland=5.353404567109146
agfor=8.974954223251864
headquartered=8.313121238626323
page=1.1258740747648293
facilities=4.286602200172924
maintenance=4.398666834538154
equipment=4.286602200172924
environmental=3.894884372845463
program=1.932593288528275
ag=5.908505533631188
scope=5.679352561881845
complexes=9.719947042637598
phone=3.894884372845463
engineering=4.601968444528347
mk=7.7746144015156915
executive=4.036216338566041
news=3.4230937819770237
staffed=7.842595936505316
president=3.151923895813272
information=1.219330607284997
awards=5.228397291003543
expansion=4.166229143885128
locations=5.908505533631188
chief=3.894884372845463
september=4.036216338566041
project=3.7400727202666015
world=1.784468189036382
services=2.5317640526205443
mkcorp=8.313121238626323
office=2.910342263801211
abroad=4.86594679503143
brent=7.480145440533203
founded=5.577801187160155
support=2.2517481495296585
delighted=7.480145440533203
awarded=5.908505533631188
boise=9.003176638955226
morrison=6.643257114647394
releases=6.354271365768374
poland=5.598463875496001
design=3.1607281254080943
corporate=4.286602200172924
