#Tue Mar 12 00:16:51 EDT 2019
shown=4.645755647777025
character=4.747338394954373
alive=6.3784518847588325
painted=8.575721479569198
indians=7.046977558619047
dream=5.858755617405687
store=6.051164278493014
cigar=8.752949778120167
indian=5.964724682826494
centuries=5.957348886254715
tall=9.219370001456518
lover=6.915435284238238
baron=8.406064826686311
hand=4.297834679953101
rich=6.095147221176244
add=5.101408368425964
gifts=7.142555603209843
tradition=4.537614762448805
treasure=7.71643310416607
home=1.1614389119442563
desktop=7.142555603209843
concept=3.681674244620055
accessories=6.915435284238238
feet=6.185861057824565
purchased=6.5549941922218125
