#Tue Mar 12 00:16:51 EDT 2019
friars=9.086247519970769
major=2.2796707961201665
settles=9.086247519970769
gaines=9.088425731613416
picture=5.419789088759412
dda=8.416207521370108
michigan=3.786451232362911
marytown=9.811983076062203
heated=7.939847502908483
johns=7.00969945592947
divine=6.106727421811451
franciscan=8.416207521370108
sfo=6.259808560142435
search=4.339757913139546
rose=4.659034834712379
com=1.1398353980600833
publishing=5.64696832351762
www=3.4195061941802494
corridale=9.086247519970769
site=3.4195061941802494
questions=3.181768767575883
servicesindex=9.086247519970769
residents=5.083018014151166
pleasantly=9.086247519970769
able=3.6131927258396086
patient=4.841938148216348
reguarding=9.086247519970769
press=2.946431760979887
cyber=7.00969945592947
currently=3.786451232362911
village=4.086267159039971
bonaventure=8.416207521370108
education=1.8065963629198043
please=3.199922515079463
miserybay=7.569577240625695
bay=5.725543474148762
region=3.9431826160910823
elementary=5.419789088759412
page=1.1398353980600833
doesn=5.84653834938229
center=2.6466158343028274
http=3.786451232362911
oxygen=8.416207521370108
dust=7.266495607878049
meet=3.6131927258396086
black=1.8065963629198043
frequently=4.559341592240333
reconstruction=6.58979845039391
province=7.266495607878049
collection=5.006518877999268
meetings=5.537298701349556
signature=6.786803721577703
st=3.692628539123753
woman=4.753028123899691
learned=5.9817735462764325
people=1.8065963629198043
conventual=9.811983076062203
community=2.9628449187875296
mercy=6.786803721577703
camera=6.786803721577703
publications=3.4195061941802494
enjoy=5.749778979010886
dedicated=6.58979845039391
peace=3.9431826160910823
sheep=7.939847502908483
changes=2.946431760979887
misery=7.097502837620239
internet=3.9431826160910823
odds=7.266495607878049
school=3.455506301546483
walk=6.786803721577703
service=2.2796707961201665
week=3.9431826160910823
