#Tue Mar 12 00:16:51 EDT 2019
project=4.09130339075473
photos=7.946005871290969
arpa=6.7920677568682795
patent=7.272131705647765
pages=2.2814389727190445
page=1.276667368483019
net=4.0894365824407855
technology=3.202404464718427
paw=9.093295068355285
site=3.4221584590785663
scrimp=10.564685855735398
jboats=9.093295068355285
found=3.202404464718427
jupdte=9.093295068355285
com=1.1407194863595223
home=1.1407194863595223
titled=6.7920677568682795
web=4.221163694582282
http=3.7893881101231788
describing=6.11146397085237
nist=7.015136375402332
design=3.202404464718427
describes=3.615995219443483
granted=5.986413177587371
commercial=3.7893881101231788
ongoing=5.983113887436927
sailboat=9.093295068355285
basic=3.4221584590785663
construction=4.221163694582282
industry=2.8596983487758014
sbir=9.093295068355285
current=2.2814389727190445
performance=3.7893881101231788
reduces=6.7920677568682795
july=3.9462410591078285
labor=3.7893881101231788
boat=6.951001739530531
hand=4.221163694582282
building=3.4221584590785663
resin=9.093295068355285
structures=4.343123951077949
posting=7.272131705647765
sail=6.7920677568682795
built=4.66264851278472
intensiveness=9.093295068355285
status=2.948717096081263
available=2.648668623763656
hulls=8.422735367941602
nice=6.7920677568682795
aircraft=5.8510730884820825
article=4.09130339075473
involving=4.562877945438089
composite=6.7920677568682795
seeman=9.093295068355285
hull=6.598388061551944
infusion=9.093295068355285
machine=4.9301075964827
emissions=7.015136375402332
fiberglass=8.579095046327406
discusses=2.2814389727190445
return=2.648668623763656
molding=9.093295068355285
issue=2.648668623763656
method=3.7893881101231788
bag=7.5787762202463576
process=3.0304263441557504
forming=5.8510730884820825
htm=7.946005871290969
recreational=6.264663843207138
composites=8.422735367941602
tested=5.8510730884820825
