#Tue Mar 12 00:16:51 EDT 2019
kinesiology=9.10742301373791
eastman=6.959243559705557
unique=4.349871716053082
vancouver=5.3702137577194105
pages=2.2849835673855625
reflexology=9.435992547560883
page=1.1424917836927813
touchpoint=9.645279893603451
mail=2.953298418227866
www=3.427475351078343
classes=5.018186566895386
com=1.2330653591624092
consultations=7.2834301710313625
effective=3.6216132690701697
http=3.7952755544270254
road=4.669892712278064
design=3.207379932360301
services=2.2849835673855625
yvette=9.104589985348541
explained=5.432419903605254
rights=1.8108066345350848
fax=3.7952755544270254
outside=4.227721974026629
seminars=7.590551108854051
comfort=6.12095914598295
favour=7.9583513122027325
purposes=4.227721974026629
amounts=5.550203372268932
netadsrus=9.10742301373791
village=4.095790201920647
health=2.863089100271574
vh=7.026035555822448
copyright=1.1424917836927813
merchandise=6.802620363110878
recalling=8.435821487368726
aid=3.7952755544270254
vast=5.660128579418097
exquisite=8.435821487368726
professional=3.6216132690701697
shared=5.111793307962592
certificate=6.2743970398044135
experience=3.207379932360301
learning=5.040108836409352
available=2.652783770734244
finest=7.9583513122027325
goal=4.669892712278064
free=2.2849835673855625
methods=2.953298418227866
kinesthetics=9.10742301373791
social=2.2849835673855625
bay=4.937767338119806
promise=5.860163703094544
bedwell=9.10742301373791
calendar=7.026035555822448
attached=5.432419903605254
consultant=6.802620363110878
environment=3.207379932360301
vision=4.581396830120812
courses=5.9957140655245835
information=1.2330653591624092
unusual=6.2743970398044135
market=3.207379932360301
belcarra=9.10742301373791
telephone=4.349871716053082
stress=5.018186566895386
reserved=1.8108066345350848
