#Tue Mar 12 00:16:51 EDT 2019
additional=4.110158283616427
planners=6.826484037836386
commitment=4.955089085819576
province=7.308980532393577
lot=5.783396136315627
flight=5.783396136315627
service=2.2929993174487167
coverage=4.575089594292036
dismemberment=9.139371964110918
obligation=6.142431544892635
peace=3.9662371701479158
accidental=7.050682973753223
phone=3.9662371701479158
services=2.2929993174487167
package=5.451476898503133
vehicle=4.68627475254201
provide=2.9636586248920693
travelling=7.9862693051125815
includes=2.2929993174487167
quote=7.617178854190438
complete=3.808589427095219
copyright=1.1464996587243583
accident=5.679984379112027
products=3.9662371701479158
baggage=7.9862693051125815
offices=4.110158283616427
professional=3.6343179323354224
affordable=6.826484037836386
allowance=9.139371964110918
insurance=4.924937974504584
staff=3.6343179323354224
savings=4.870247444448882
emergency=4.955089085819576
advice=5.451476898503133
financial=2.9636586248920693
mind=3.4394989761730748
rate=3.6343179323354224
september=4.110158283616427
comes=4.955089085819576
surrey=5.783396136315627
benefits=3.9191804200151346
travel=4.955089085819576
premium=6.296407700706282
supply=4.365131118781549
metro=5.3890525327031815
fun=6.826484037836386
meets=6.628326938518777
medical=3.7090913049033443
friendly=5.880721228428051
return=2.66208976837086
death=3.2186314600571904
protection=3.4394989761730748
describe=5.32417953674172
trained=6.016747103173241
trip=5.56967355300318
hospital=4.830337979126735
specialized=6.016747103173241
