#Tue Mar 12 00:16:51 EDT 2019
champaign=7.1172628252147385
hill=6.200434745631325
sales=4.629304384007245
links=5.502955389806651
product=4.282615452486273
products=4.0036904895827305
note=4.730527412616727
netshade=8.545353662840812
atemiconnect=9.22567538040225
download=6.355864903790682
com=1.1573260960018112
corporation=4.607959298394734
modified=5.23523629862578
mail=2.991644559270695
software=4.406351208038207
trademarks=6.200434745631325
il=4.730527412616727
support=2.3146521920036225
free=2.4904928329488
stuff=7.689108146509452
site=3.4719782880054337
netshadetm=9.22567538040225
networking=8.061683931758743
encryption=7.377999496938344
internet=4.0036904895827305
click=2.5772302701272403
december=4.0036904895827305
suite=6.690918466835645
info=4.280686820664913
atemi=10.490038209043151
fax=3.844554073254726
windows=6.073563461234158
trademark=8.061683931758743
registered=4.916237365232346
