#Tue Mar 12 00:16:51 EDT 2019
puerto=5.8510730884820825
call=3.202404464718427
estimated=5.0341398441854315
arizonapima=9.093295068355285
page=1.2316050419789277
estimation=5.986413177587371
appendix=5.8510730884820825
paz=7.946005871290969
mariana=7.272131705647765
parishes=7.272131705647765
digital=5.086960545467351
arizonacoconino=9.093295068355285
rico=6.11146397085237
arizonayavapai=9.093295068355285
register=5.7542386688295695
home=1.1407194863595223
simultaneous=6.951001739530531
content=3.615995219443483
actual=4.0894365824407855
interceptions=8.32027808282435
services=2.2814389727190445
islands=5.789085256380579
requirements=3.7893881101231788
includes=2.2814389727190445
represent=4.9301075964827
boroughs=7.272131705647765
arizonayuma=9.093295068355285
territories=6.438056733886834
arizonacochise=9.093295068355285
telecommunications=5.541593585506245
arizonanavajo=9.093295068355285
trace=6.7920677568682795
requirement=4.811746156011508
samoa=6.7920677568682795
notice=5.010402074440168
arizonaapache=9.093295068355285
arizonamohave=9.093295068355285
single=3.7893881101231788
arizonamaricopa=9.093295068355285
historical=3.1836528492146337
experience=3.202404464718427
term=3.202404464718427
capacity=4.845693691227849
trap=6.7920677568682795
arizonasanta=9.093295068355285
virgin=7.015136375402332
entities=5.7542386688295695
american=1.8079976097217414
carriers=6.11146397085237
maximum=4.9301075964827
arizona=3.7893881101231788
cities=5.160115271028832
arizonagraham=9.093295068355285
arizonagila=9.093295068355285
cdt=6.951001739530531
arizonala=9.093295068355285
independent=3.4221584590785663
telephony=6.7920677568682795
local=2.648668623763656
arizonapinal=9.093295068355285
considered=3.615995219443483
district=4.343123951077949
statecounty=7.272131705647765
columbia=5.361883180941804
county=4.678854969246102
arizonagreenlee=9.093295068355285
pen=5.8510730884820825
conducted=5.323607178362906
guam=6.594909682871485
cruz=6.7920677568682795
providing=3.4221584590785663
