#Tue Mar 12 00:16:51 EDT 2019
home=1.129766008874421
chamber=6.726848601640584
lummi=9.005978945515581
jim=5.597082592766163
whatcom=9.026990874079546
birch=7.869706309962852
bellingham=9.005978945515581
reimer=9.005978945515581
island=3.3892980266232633
spotlight=6.947775258789773
local=2.6232354366542836
northwest=5.794889602441264
raspberry=9.005978945515581
golf=6.531583689416122
attracts=9.005978945515581
usa=3.3892980266232633
info=4.0612426241746125
draws=5.928930121725425
wa=6.899929398803565
south=2.259532017748842
serves=5.110566536990701
nas=6.531583689416122
pioneer=6.947775258789773
lyndentrib=7.869706309962852
north=2.595869495974253
contact=2.9204027675297834
exit=6.714097127763283
hub=7.518409314177017
museum=6.3762368821829885
road=4.617876580581898
head=4.0612426241746125
attractions=8.341858129217343
population=3.3892980266232633
located=4.519064035497684
east=3.171654165786981
due=3.171654165786981
commerce=5.246470873308567
softball=8.341858129217343
jilklynden=9.005978945515581
route=6.204508953965008
residents=5.0381142616362595
production=3.753001445528705
directormajor=9.005978945515581
influences=4.050168776404205
farms=7.202302854769875
milk=6.531583689416122
surrounding=4.301420174661402
subscribe=4.799164112851003
fields=4.962290924442343
comlynden=8.341858129217343
bay=4.882767454403125
administrator=5.794889602441264
history=1.7906367586553626
culture=3.3892980266232633
mayor=4.962290924442343
hall=4.050168776404205
washington=2.838686774628953
complex=3.908348252761838
access=3.5812735173107253
copyright=1.129766008874421
county=4.548310740707092
menuwhatcom=9.005978945515581
town=4.776391951196119
increase=3.5812735173107253
rural=6.531583689416122
country=2.6232354366542836
counties=6.726848601640584
club=4.962290924442343
united=2.259532017748842
st=3.667667548636977
story=3.753001445528705
sr=6.204508953965008
top=3.667667548636977
people=1.7906367586553626
shops=7.202302854769875
renee=8.341858129217343
churches=6.947775258789773
news=3.171654165786981
tribune=7.554203154248727
community=2.838686774628953
tourists=7.50600289105741
front=4.5239942233044825
information=1.129766008874421
lynden=9.453276978258028
miles=4.882767454403125
august=3.908348252761838
stephan=9.005978945515581
city=2.945874745133682
homestead=7.202302854769875
kaemingk=9.005978945515581
interstate=6.947775258789773
dutch=7.202302854769875
fair=4.882767454403125
bender=7.202302854769875
informationreturn=9.005978945515581
