#Tue Mar 12 00:16:51 EDT 2019
macanudo=9.211178465793152
tin=8.531925782794445
box=5.005755030179586
home=1.314759231186761
miniatures=9.211178465793152
cigar=8.73421113014386
primo=9.211178465793152
del=3.8385128708698653
length=6.632163734170739
chavon=9.211178465793152
baron=8.73421113014386
wrapper=10.480660474364097
philip=7.929000697007284
churchill=7.366405957789948
tubos=9.211178465793152
court=3.243919703741621
soberanos=9.211178465793152
single=4.367535628091811
rey=8.531925782794445
prince=7.190607319663535
montecruz=9.211178465793152
price=2.083844078907994
natural=4.425469387559118
claro=10.752597859890676
ring=8.085436794832974
hampton=8.049016073987321
choice=4.548319655262746
delicias=9.211178465793152
padron=9.211178465793152
premium=6.34587751240978
corona=7.916647656926256
ascot=9.211178465793152
rothschild=9.211178465793152
portofino=9.211178465793152
maduro=9.91466407010839
petit=10.261869369931565
cazadores=9.211178465793152
cigars=9.293550486442237
