#Tue Mar 12 00:16:51 EDT 2019
publication=5.467382124770149
charges=5.0622702734090606
countless=7.8395951983270775
break=4.8640849839118285
gaines=8.309940467809742
editing=7.8395951983270775
favorite=6.921191644586427
form=2.613198399442359
ship=5.906244818139195
writing=4.204124461287672
files=4.6930141219951675
michigan=3.738641691677094
ect=7.477283383354188
scanned=8.971520221550936
mail=3.4755862804824877
try=4.600207636943925
po=5.772717165394256
don=4.034671999349686
box=4.284962058186632
fill=6.180769229202792
retype=8.971520221550936
save=5.677179525020314
printer=8.971520221550936
com=1.218973297165282
regulat=8.971520221550936
code=3.738641691677094
accomplishments=6.921191644586427
web=4.510737204183814
site=3.656919891495846
doing=4.6410639828190225
mistakes=6.351840091119453
questions=3.1510002625526803
requests=6.148981731875533
imu=8.971520221550936
rates=4.396983814322575
fax=4.204124461287672
separate=4.396983814322575
press=3.3477265128299925
business=1.9320269653873985
graphics=6.039033011276364
send=2.005877137967199
release=4.284962058186632
offers=3.567570829760433
providence=7.174745365741336
company=2.909228707114951
hours=4.284962058186632
please=3.4220906856537407
experience=3.1595187659518973
zip=6.506592509582457
miserybay=7.496377522995318
net=4.034671999349686
bay=5.687738202567959
charge=5.178110207181445
snail=8.971520221550936
scanning=9.717098729456021
name=3.3763298767042045
complete=4.049341642770832
handle=5.575667005938981
brochures=8.309940467809742
electronically=7.477283383354188
hour=5.558774480177404
quark=7.8395951983270775
submitted=5.772717165394256
available=2.613198399442359
answer=5.226396798884718
am=3.567570829760433
logos=7.174745365741336
dread=8.309940467809742
know=4.164635059100885
costly=6.701110298173716
newsletters=8.309940467809742
ad=4.034671999349686
ext=6.921191644586427
references=6.351840091119453
newsletter=6.9503111688698045
phone=4.378144461479745
computer=3.738641691677094
avoid=4.6930141219951675
editorial=6.506592509582457
text=4.034671999349686
campaign=3.738641691677094
tie=6.506592509582457
community=2.613198399442359
basis=3.3763298767042045
information=1.2950773993417852
html=5.9217491111969345
publications=3.885232198025355
city=2.613198399442359
project=3.738641691677094
special=2.909228707114951
art=1.7837854148802166
services=2.5901547986835705
write=3.567570829760433
announce=7.174745365741336
sweat=8.971520221550936
printing=6.921191644586427
misery=7.0506386362508415
quote=7.477283383354188
internet=3.8933941101400977
pricing=6.180769229202792
consistantly=8.971520221550936
gladly=8.971520221550936
servicesfaqcyber=8.971520221550936
releases=7.142681354223079
min=6.506592509582457
address=3.864053930774797
