#Tue Mar 12 00:16:51 EDT 2019
home=1.1114100978187764
significant=3.692024428885705
imaging=5.606520229100564
shuttle=5.399209132996492
italy=4.112706069111677
elevation=7.38404885777141
corner=7.1884917831271915
enhancement=6.834891047649437
core=5.30283787376167
signal=5.700736939602994
approximately=4.721189533243407
geometrically=8.859654001063063
shadow=6.103700986998113
magenta=8.859654001063063
spaceborne=5.832599631062183
innsbruck=8.859654001063063
gov=3.9843635236031454
reschensee=8.859654001063063
band=5.674833433354918
kilometers=6.587604739589276
snowpack=8.206323509963505
supersite=8.859654001063063
calibration=6.4254615647339755
coded=7.741842993200786
main=3.120122608536065
austria=6.332113872364987
signals=6.272638759952633
conditions=3.334230293456329
border=5.461289191096517
hue=8.206323509963505
surface=5.224116166930453
north=2.222820195637553
hydrology=7.38404885777141
visible=5.832599631062183
data=3.3795441558471824
bruce=4.542847476224654
seasonal=6.272638759952633
elevations=7.741842993200786
percent=4.542847476224654
model=3.5230866559311855
oetztal=9.62403191786808
response=3.8448472336670467
located=4.445640391275106
east=3.389315154814155
includes=2.222820195637553
degrees=5.12851616471561
indicates=5.832599631062183
site=3.6218952525568224
alps=7.741842993200786
upper=4.803434526704481
endeavour=6.103700986998113
backscatter=8.339882441743262
set=2.5806143310669283
acquired=4.956257331485823
intensively=8.206323509963505
combining=6.834891047649437
sets=6.192575269364437
directly=3.9843635236031454
green=3.9843635236031454
appear=4.803434526704481
vernagtferner=8.859654001063063
glacier=9.221588459456118
produced=4.445640391275106
chapman=4.803434526704481
smooth=6.103700986998113
represents=4.956257331485823
april=4.075689116181787
reaches=6.834891047649437
research=1.9135227189475152
obtained=5.461289191096517
cyan=8.859654001063063
water=3.692024428885705
central=2.872953425784369
aboard=5.832599631062183
sea=3.8448472336670467
reflectors=8.914334507731736
rise=3.9843635236031454
left=4.010558532069223
feet=5.9811933656082505
red=4.231532706354841
dark=5.954437397521766
peaks=8.206323509963505
facing=4.8816659365016575
based=1.7615433279655928
valley=5.461289191096517
covered=4.6344967537499615
appears=5.506143805940498
region=3.8448472336670467
radar=5.872168102252897
grazing=8.859654001063063
october=4.144316023969222
switzerland=5.606390561632639
test=4.176566318695798
passes=6.834891047649437
southeast=5.832599631062183
space=3.5230866559311855
level=2.803260114550282
longitude=6.272638759952633
venter=9.62403191786808
centered=5.700736939602994
page=1.1114100978187764
center=2.803260114550282
yellow=6.6175539037592745
blue=5.647363993372009
nasa=4.231532706354841
synthetic=5.506143805940498
light=3.6218952525568224
change=2.5806143310669283
summit=5.700736939602994
increase=3.5230866559311855
meters=5.954437397521766
glaciers=8.409780343650846
updated=1.7615433279655928
image=3.8572102945596685
view=2.872953425784369
ratio=6.6175539037592745
studies=1.7615433279655928
regions=4.445640391275106
miles=5.425218608509673
lakes=6.103700986998113
climate=4.112706069111677
world=1.7615433279655928
dynamics=4.445640391275106
seen=3.6095194352811157
studied=5.954437397521766
aperture=5.832599631062183
lake=4.542847476224654
xx=7.424579965519668
jpl=4.542847476224654
digital=4.956257331485823
southwest=6.6175539037592745
side=3.692024428885705
refer=5.832599631062183
gepatschferner=9.62403191786808
low=3.334230293456329
latitude=5.832599631062183
decrease=5.954437397521766
slopes=9.62403191786808
mountain=5.954437397521766
