#Tue Mar 12 00:16:51 EDT 2019
worried=7.611245445008534
worldwide=5.031867792172969
cashable=8.458820308283743
travelers=7.980048392550177
chequing=7.980048392550177
pay=3.805622722504267
service=2.471258528824173
dealer=6.623163796537932
account=3.436819774962623
purchaser=7.611245445008534
accept=4.682624374078025
america=2.961350080005101
buy=5.44723046505268
sending=5.778891154038766
range=3.805622722504267
relative=4.239248133121474
services=2.2912131833084155
canadian=5.510204210632804
waived=6.291503107551845
drafts=7.980048392550177
issued=4.951229314158474
copyright=1.1456065916542078
delivering=6.821166541182367
redemption=7.303287194606529
prestige=6.465638853354325
responsible=3.963147665687873
funds=4.239248133121474
recipient=6.465638853354325
transfer=4.361730895476283
send=1.8157434883508936
overseas=5.876140434672134
charge=4.86645376027024
savings=5.248863548712161
gift=6.291503107551845
purchase=5.427275946172511
september=4.106956671659309
consider=4.582426366616831
draft=6.5259197132390385
surrey=6.233000995107541
cheque=7.303287194606529
money=3.7288521679227835
country=2.660016130850059
cash=6.121549942756408
accounts=5.320032261700118
standard=3.805622722504267
time=1.8157434883508936
currency=6.700185929479974
metro=5.808000871340033
accepted=5.675559949528159
receipt=6.623163796537932
foreign=3.03783991062979
prepaid=7.045190837111041
friend=4.951229314158474
holders=7.611245445008534
currencies=7.611245445008534
full=2.961350080005101
bank=3.706887793236259
guaranteed=6.137646891620691
