#Tue Mar 12 00:16:51 EDT 2019
william=4.025430724834718
nation=4.15509610876192
jim=5.562896136481876
terry=7.4601569283702585
herald=7.4601569283702585
directors=6.867635122807213
josh=8.290906841017167
protect=3.7300784641851292
orme=7.4601569283702585
nbc=8.47620194467665
gene=6.3372914244702985
james=4.2751475030822
roberts=5.277961612661879
info=3.7300784641851292
cpj=5.759494959467411
bill=3.5593994340696007
post=3.3685965116998764
vice=4.852943968085087
kovach=8.950971269567402
jr=4.38691267731997
dow=5.562896136481876
franz=6.49168938795379
navasky=8.950971269567402
newsday=7.82163888085551
olmo=8.950971269567402
oakes=8.950971269567402
nieman=8.950971269567402
seigenthaler=8.950971269567402
frank=5.454859278030345
elliot=8.950971269567402
massing=8.950971269567402
gault=8.950971269567402
hederman=8.950971269567402
kramer=6.16661239435477
jane=6.905338898199946
foundation=4.4914620155998355
board=3.8844764276686194
chair=6.939967418326022
kati=7.158311863461473
shaw=5.89271677181329
cbs=7.483220318549368
harper=7.4601569283702585
hunter=5.277961612661879
committee=3.5593994340696007
website=5.277961612661879
david=4.15509610876192
judith=7.4601569283702585
house=2.6072129602851697
charlayne=8.950971269567402
marash=8.950971269567402
cnn=7.245267479243514
friedman=6.685761640381835
times=2.934183606801776
marton=6.49168938795379
goodale=8.950971269567402
jones=4.4914620155998355
freedom=3.3685965116998764
mosaic=6.685761640381835
poussaint=8.950971269567402
walter=7.034954061749295
macarthur=6.685761640381835
journalists=5.07410579512307
time=1.7796997170348003
rea=7.82163888085551
abc=6.682672616992507
review=2.2457310077999177
graham=7.4601569283702585
forum=4.15509610876192
dan=5.277961612661879
winship=8.950971269567402
washington=2.6072129602851697
yorker=8.950971269567402
york=2.5273681930655263
bernard=6.01581033133572
thomas=4.15509610876192
center=2.82540064822555
cronkite=7.82163888085551
isaacson=8.950971269567402
cheryl=8.950971269567402
foreign=2.6072129602851697
angeles=5.079351675210642
alberto=8.950971269567402
anthony=5.3390991511044
moses=6.01581033133572
gould=6.685761640381835
executive=4.025430724834718
tom=5.079351675210642
renee=8.290906841017167
news=3.735019993928097
amendment=4.5896710229129205
honorary=7.158311863461473
karen=7.4601569283702585
john=3.791052289598289
newshour=8.950971269567402
del=3.7300784641851292
peter=3.7300784641851292
lewis=4.682264937969559
arnett=8.950971269567402
katharine=8.950971269567402
magazine=5.344720416130501
miami=6.3372914244702985
index=1.7796997170348003
allina=8.290906841017167
victor=7.158311863461473
lehrer=8.290906841017167
brokaw=8.290906841017167
director=3.8844764276686194
books=3.8844764276686194
michael=4.931981716217042
los=3.3685965116998764
anderson=4.38691267731997
