#Tue Mar 12 00:16:51 EDT 2019
feet=5.785981352349086
info=3.879663381639768
fax=3.879663381639768
tx=6.953876403301813
austin=6.1290285707094085
faq=6.953876403301813
nueces=9.30992626511321
barrone=9.30992626511321
dorm=6.953876403301813
floorplan=9.30992626511321
square=5.553209581613684
