#Tue Mar 12 00:16:51 EDT 2019
tuesday=7.2217193929123065
evenings=9.030257976435495
issues=2.265623443018138
michigan=4.069615019457065
email=5.260614724779251
resistance=6.221235560328129
studios=7.890922087168878
relate=6.221235560328129
mail=3.1667760159705707
add=4.975668661112285
pages=2.265623443018138
plans=3.4392236765557467
nuclear=4.313016283652101
contact=3.1667760159705707
pmsu=9.030257976435495
road=4.630325817801147
weapons=5.612171651063234
taped=7.2217193929123065
season=5.944913800858836
produce=4.723739919447572
legality=6.744983372572303
msu=6.744983372572303
com=1.132811721509069
air=3.763119083898695
east=3.4392236765557467
americans=4.723739919447572
begun=7.2217193929123065
decision=3.1802045621430324
lubiensky=9.030257976435495
waver=9.030257976435495
david=4.5333205973722555
appear=4.8959308054077635
math=5.612171651063234
produced=4.900304766644931
compliments=7.52623816779739
suggestions=4.975668661112285
trowbridge=9.030257976435495
court=3.1802045621430324
programs=3.453808676232786
dwyer=6.979786617469607
education=1.795464098969252
day=2.265623443018138
additional=4.06108754198739
lansing=8.287184094525655
please=3.1802045621430324
btl=9.384205932676235
miserybay=6.966505621291537
bay=4.8959308054077635
team=4.8959308054077635
isidore=9.030257976435495
series=3.918884687351422
mecha=9.030257976435495
wish=5.124344006793876
winning=5.386392296907756
masterson=9.765748218735661
boycott=7.2217193929123065
center=2.6303073623896256
faith=5.051696408860491
join=4.723739919447572
viewing=5.612171651063234
program=1.795464098969252
channel=5.386392296907756
tci=9.030257976435495
cable=6.5189837256960494
award=5.051696408860491
mutersn=9.030257976435495
civil=2.9282758204783206
television=4.313016283652101
justice=4.069615019457065
dealing=3.8833996486186764
community=2.6303073623896256
grape=9.030257976435495
publications=3.3984351645272066
john=3.675228574983698
chris=6.966505621291537
individuals=3.918884687351422
world=1.795464098969252
thursday=6.966505621291537
meridian=7.52623816779739
flores=8.364346770671434
peace=4.497061860527652
tuition=6.39342644628832
misery=6.069097709425775
native=5.051696408860491
lines=4.5333205973722555
sara=7.2217193929123065
edu=5.541708053869963
crew=6.39342644628832
rights=1.795464098969252
