#Tue Mar 12 00:16:51 EDT 2019
rates=5.122881434469048
rewriteable=9.167959798910466
increase=3.6456860308291295
don=4.123014804444492
lock=8.491894156043998
pay=4.26343294489424
advantage=4.493259765422522
remains=5.202484798625688
payment=6.358320578246316
able=3.6456860308291295
expecting=9.167959798910466
services=2.3001717890299274
mortgage=8.52686588978848
advance=5.405909417851962
fixed=5.935198990250296
move=4.378785191270569
progressive=5.899116046763563
prime=4.44288180188419
equal=4.970588539037885
save=5.801486523048389
copyright=1.1500858945149637
current=2.3001717890299274
portion=6.503811864809071
penalty=5.899116046763563
monthly=5.892782183668317
anticipate=9.167959798910466
applied=4.585993934215854
alternatively=7.331842926968794
term=3.2286992967556056
savings=4.885481514133491
total=3.4502576835448906
near=4.255823523336998
rate=4.30373116507532
september=4.123014804444492
consider=4.600343578059855
surrey=5.801486523048389
faster=6.161644989641625
metromortgage=10.609580165869339
vary=6.316102780837086
variable=7.37909822681335
convert=8.491894156043998
sizeable=9.167959798910466
closed=5.825304471213229
downward=7.641005289045843
accounts=5.340833500015915
time=1.9642607278894395
metro=5.405909417851962
principal=5.202484798625688
full=2.972928909929528
