#Tue Mar 12 00:16:51 EDT 2019
articles=4.15714901085038
shirts=8.687120536338313
natural=3.6758684593116175
pocket=9.208314035023594
print=5.753767695537088
finest=8.077574937800584
shipping=5.849516701893549
stores=6.544657349131008
com=1.3174090980091782
cigar=8.398534947023698
news=3.2554295156476645
sleeves=9.243860819629468
airlift=8.562198067537814
hanes=9.243860819629468
search=4.41503690624495
cotton=6.085535529908018
beefy=9.243860819629468
xl=8.562198067537814
available=2.692524979266861
press=2.9975416202530942
jdenton=9.243860819629468
includes=2.3192147811945714
price=1.8379342296558088
color=5.667173814283495
manufacturers=5.9479544949145255
clubs=7.131292210081999
usa=3.478822171791857
hot=6.085535529908018
accessories=6.904530046591711
