#Tue Mar 12 00:16:51 EDT 2019
micro=5.790441499548132
satellite=6.048134088339912
weather=5.034247052394917
technique=4.614331941842005
arizona=3.7501206768285122
km=6.654831884959375
atmosphere=5.743174244584058
soundings=8.999066040568064
shifted=7.8636655972302565
radiosondes=8.999066040568064
frequency=6.048134088339912
figure=4.879019487913605
initial=4.879019487913605
measuring=5.592786324677899
sciences=6.048134088339912
joint=4.047059904848756
signals=7.1569041358943535
contact=2.9181610937636626
profile=5.306320809386629
global=4.226863817948253
data=3.158404521189887
vertical=7.063882997423441
radio=4.212495875518045
orbital=6.721685135762992
pressure=4.298118444889806
successfully=5.367786848035708
orbiting=9.0216879409172
corporation=4.521336589179482
indicate=5.924379130587213
osc=6.942442211682812
regular=5.10664371406252
nmc=7.196774434668132
temperature=6.895876014354953
lab=6.048134088339912
cl=6.942442211682812
profiles=6.942442211682812
typical=5.484168969673494
atmospheric=6.71015291104581
converted=6.721685135762992
resolution=4.177421998301536
substantially=7.5002413536570245
laboratory=5.367786848035708
measurements=6.371342542571931
benjamin=5.694610523988394
herman=6.942442211682812
ncar=7.8636655972302565
interpolated=8.999066040568064
april=3.578524565357139
obtained=5.10664371406252
research=1.9365668657853112
aboard=5.924379130587213
please=3.1692196338047136
propulsion=6.048134088339912
national=1.7892622826785696
system=1.7892622826785696
nearby=6.526570107053243
earth=5.183261006341605
met=3.7501206768285122
osborne=8.999066040568064
altitudes=8.335454997177857
ucar=6.526570107053243
monitor=5.306320809386629
constellation=8.335454997177857
leo=6.721685135762992
center=2.6212218657434185
receives=5.367786848035708
receiver=8.511057538425566
associates=7.8636655972302565
jet=4.7074233764422315
change=2.6212218657434185
program=1.7892622826785696
received=3.3866964332552794
remote=5.034247052394917
accuracies=7.8636655972302565
prof=7.8636655972302565
information=1.128898811085093
positioning=6.048134088339912
prediction=5.790441499548132
climate=4.521336589179482
allan=7.8636655972302565
project=3.7501206768285122
promises=5.790441499548132
university=4.380242176594463
improved=5.034247052394917
sensing=6.721685135762992
rs=6.721685135762992
refracted=8.999066040568064
jpl=4.614331941842005
bent=6.942442211682812
provide=2.9181610937636626
doppler=8.999066040568064
altitude=7.196774434668132
radiosonde=8.999066040568064
satellites=5.924379130587213
low=3.3866964332552794
results=2.9181610937636626
gps=7.513992601826645
launched=5.924379130587213
