#Tue Mar 12 00:16:51 EDT 2019
home=1.1254432922347348
transmitted=6.017631413901597
imaging=5.660736691211099
shuttle=5.467382124770149
sar=5.018837402374833
created=3.1595187659518973
erupted=8.309940467809742
hazard=7.8395951983270775
eruption=7.477283383354188
frequency=6.0296209663961795
spaceborne=5.906244818139195
local=2.613198399442359
gov=4.034671999349686
band=6.087433245932999
monitored=7.174745365741336
kilometers=6.397083504346727
bottom=5.677179525020314
galeras=10.490700402645597
activity=3.3763298767042045
north=2.437946594330564
nestled=8.971520221550936
bruce=4.600207636943925
map=5.226396798884718
ability=3.567570829760433
edge=5.0910124604526015
worldwide=4.943304180832114
population=3.656919891495846
january=4.034671999349686
orbit=6.180769229202792
decade=4.600207636943925
degrees=5.178110207181445
near=4.510737204183814
upper=4.8640849839118285
endeavour=6.180769229202792
acquired=5.018837402374833
pasto=8.971520221550936
killed=4.943304180832114
volcanoes=8.309940467809742
green=4.3699735597179625
ground=4.8640849839118285
dangerous=5.29007835133562
chapman=4.8640849839118285
represents=5.775309103207319
april=3.567570829760433
times=2.613198399442359
aboard=5.906244818139195
scientific=4.982508056639498
red=4.6410639828190225
surrounding=4.284962058186632
caldera=8.309940467809742
active=4.943304180832114
structures=4.284962058186632
colombia=6.351840091119453
radar=5.9056478265642784
including=1.1254432922347348
levels=3.738641691677094
european=3.3763298767042045
feature=5.351356244640649
space=3.567570829760433
longitude=6.351840091119453
th=2.909228707114951
centered=5.772717165394256
page=1.1254432922347348
center=2.613198399442359
channels=5.351356244640649
blue=4.943304180832114
horizontally=7.142681354223079
nasa=4.284962058186632
synthetic=5.575667005938981
orange=5.772717165394256
following=2.613198399442359
light=3.3763298767042045
west=2.2508865844694697
shown=4.875893188661128
summit=6.25245903125929
cone=8.971520221550936
false=5.906244818139195
received=3.796702705056795
sir=4.8640849839118285
colors=7.174745365741336
multi=4.78080152590446
southern=4.034671999349686
top=3.3763298767042045
updated=1.7837854148802166
people=1.7837854148802166
image=3.9957499449998606
visited=5.772717165394256
march=3.738641691677094
community=2.613198399442359
miles=5.268314939936114
study=2.2508865844694697
lower=3.738641691677094
pit=6.506592509582457
city=2.613198399442359
crater=8.309940467809742
aperture=5.906244818139195
expedition=8.309940467809742
vertically=6.879709988376382
international=2.2508865844694697
illumination=7.477283383354188
jpl=4.600207636943925
volcanic=9.000538366690542
explorers=8.309940467809742
wall=5.677179525020314
latitude=5.906244818139195
volcano=8.74343900067457
