#Tue Mar 12 00:16:51 EDT 2019
tolerance=7.67099876758798
august=3.9942610022119407
objective=5.42712940422699
family=2.9845986413449874
bonds=6.516398404715272
medium=5.148861365084648
companies=3.659996556944561
income=4.139199004217695
rrif=8.525227655435307
services=2.309200725745414
canadian=5.148861365084648
purchased=6.516398404715272
provide=2.9845986413449874
bills=5.60902661980301
fund=4.856318965026123
debentures=9.20394708004715
copyright=1.154600362872707
current=2.309200725745414
criteria=5.82425928068422
common=3.4638010886181214
eligibility=6.340895577865843
ethical=5.560862767466888
funds=4.272529041354283
capital=3.4638010886181214
savings=4.904658648478921
investment=4.456157897210831
consider=4.618401451490828
surrey=5.82425928068422
option=4.719386079736349
preservation=6.516398404715272
primarily=4.395973374592897
accounts=5.361798041842564
growth=3.2413730117201904
time=1.9701302769417632
metro=5.42712940422699
stock=4.719386079736349
meet=3.659996556944561
rrsp=8.525227655435307
risk=3.9942610022119407
