#Tue Mar 12 00:16:51 EDT 2019
evaluation=3.8190094181451606
compilation=8.008119088680658
tobin=9.16437654281153
arthur=6.313634160303472
accounting=5.524974555176393
production=3.8190094181451606
cochran=5.695524354614006
passed=4.598545554339763
experienced=2.2992727771698815
com=1.238941422957552
glass=6.159236738245145
kim=6.646461502166958
home=1.1496363885849408
auditing=8.008119088680658
analysis=2.2992727771698815
services=2.2992727771698815
portfolio=7.328977308940274
senior=4.699096019290182
ashland=7.639817198154267
marketing=3.9770884726067393
key=2.669373029560219
construction=4.584628049962368
industry=2.669373029560219
copyright=1.1496363885849408
performance=3.8190094181451606
consultation=7.638018836290321
responsible=3.9770884726067393
knowledge=3.8190094181451606
requisite=9.16437654281153
donna=9.16437654281153
experience=3.2274373740704623
assistant=5.896810403630681
serves=5.200451430701615
materials=3.9770884726067393
aascpa=8.6301986936546
composite=7.376900449359321
exam=7.328977308940274
communication=4.254160153740002
cash=6.137959026401769
kimberly=9.147977102815588
completion=6.313634160303472
allison=8.488575137178996
profiles=7.619176447068238
melvin=9.16437654281153
accountant=7.328977308940274
info=3.8190094181451606
lead=4.377073762655403
detail=5.338746059120438
cpa=7.898300424483463
verification=6.646461502166958
