#Tue Mar 12 00:16:51 EDT 2019
attributed=5.677140779513492
head=3.6767426152533074
la=3.029033533908592
expression=4.6153139132691
elected=4.935742678261595
beating=7.709798405178089
brought=4.427239254109112
excessive=5.929791135194035
court=3.378529050328798
henri=7.353485230506615
local=2.5699328017260292
december=4.437250654523736
campaign=3.6767426152533074
denounces=8.172356371093768
calls=4.935742678261595
newspaper=4.701647859031888
cfa=6.806600462578892
immediate=5.366731207779839
publications=3.3204294405818335
press=3.1108894832207477
ouassenan=8.822982634472828
alert=6.447579871013572
denounced=8.172356371093768
treatment=2.861061863398189
protested=7.353485230506615
supreme=4.524043985123966
satirical=7.400952096286487
african=4.935742678261595
kerina=8.885965666527563
york=2.213619627054556
term=3.1072079777874624
africa=4.21401779131474
office=3.236074262260655
june=3.8148663072807785
editor=4.095682994404675
drahamane=8.172356371093768
imposed=5.202492807931954
distributed=5.1398656034520585
published=3.967871676925467
journalists=5.680255790192557
cpj=6.776656806063662
appealing=6.590162908004104
savagely=8.822982634472828
beaten=6.590162908004104
imprisoned=6.246675416979336
information=1.106809813527278
deputy=4.427239254109112
lost=4.427239254109112
cote=8.172356371093768
banned=8.885965666527563
committee=3.8148663072807785
occasions=7.353485230506615
voie=9.632291351146979
act=2.861061863398189
daily=3.6767426152533074
continued=4.487958675035637
suggesting=5.483353094476826
student=3.8289328647343166
physical=3.1072079777874624
freedom=3.6103689887410755
presence=5.285962203969187
july=3.8289328647343166
increase=3.508504099741822
security=2.861061863398189
prosecutions=8.172356371093768
intolerance=7.055956204238134
outlawing=8.172356371093768
contends=4.8614600276583735
attended=5.483353094476826
numerous=4.095682994404675
emmanuel=7.353485230506615
news=3.51448386805104
routinely=7.709798405178089
kone=9.593404546527562
convictions=7.400952096286487
previously=5.006722765062551
website=5.656773930607814
reiterates=7.709798405178089
independent=3.6103689887410755
minister=4.33080852043296
kotch=8.822982634472828
freely=5.808457672559166
luck=7.055956204238134
weekly=5.483353094476826
fined=8.172356371093768
appeals=5.262756149612733
president=3.3156101385124224
bedie=8.885965666527563
team=5.201251721783376
copied=6.246675416979336
resulted=5.1398656034520585
country=2.5699328017260292
free=2.213619627054556
unjustified=8.822982634472828
confirmed=5.808457672559166
coordinator=6.590162908004104
appealed=6.590162908004104
official=3.967871676925467
unconditional=8.172356371093768
prison=5.201251721783376
establishing=5.808457672559166
neruda=9.243544312287996
attacks=5.583184914605227
kakuna=8.885965666527563
director=3.8289328647343166
alerts=7.353485230506615
ivoirien=10.224724969781535
sentences=6.875165288545144
effectively=5.202492807931954
offenses=7.055956204238134
program=1.754252049870911
attack=4.935742678261595
konan=8.172356371093768
sentenced=6.609205369903438
reporter=5.583184914605227
contact=2.861061863398189
private=3.378529050328798
jail=5.262756149612733
unrest=6.590162908004104
firmly=6.806600462578892
index=1.9074331536403892
cup=6.246675416979336
francs=8.822982634472828
abou=8.172356371093768
article=3.9977953922030185
bol=5.262756149612733
months=3.8148663072807785
final=3.8289328647343166
provided=3.8289328647343166
newspapers=5.1398656034520585
policeman=7.353485230506615
ivoire=9.243544312287996
occurred=4.32418485159694
imprisonment=6.314998369918633
champions=7.709798405178089
soccer=8.172356371093768
arrested=5.846367977567366
government=1.9074331536403892
handed=6.078436901467851
release=4.766368280826023
properly=5.376861039336209
protect=3.9977953922030185
wrote=5.202492807931954
january=4.314345812801106
bad=5.376861039336209
reversal=7.055956204238134
