#Tue Mar 12 00:16:51 EDT 2019
package=5.290627168226183
english=3.338014095487403
home=1.1126713651624678
automatically=5.679778782471663
kinematic=8.869708248626475
application=2.876213754571195
transfer=4.600619303802913
winword=8.869708248626475
introduction=3.5270847788174557
return=2.5835429031474093
created=3.3922687827759406
compilation=8.417109069732929
highlighting=6.842647522863229
swedish=6.842647522863229
processor=8.008362393525472
dde=10.013900353604836
print=5.388556519864532
directlly=8.869708248626475
link=4.600619303802913
ads=6.432753404942777
kb=5.512392371961026
communicating=6.842647522863229
files=5.238284551020681
registered=4.726547305494481
line=3.123540784581594
sailserv=9.632418806805616
compatible=7.431050136037604
import=5.40533634578192
binary=9.499728794897976
calibration=6.432753404942777
add=4.887205823030135
enter=4.639756143979922
menu=6.110627681964864
functions=4.236334798783875
specified=5.961194702907319
data=3.123540784581594
block=5.024823755064025
model=3.5270847788174557
fully=4.347085292556137
serial=7.3924285366197555
version=4.331891305608567
controller=6.592477708601353
pc=5.870143866601531
diskette=9.632418806805616
file=5.486758246757973
measure=4.639756143979922
complement=7.750628709442229
code=4.273927384896414
sail=7.194756213952856
update=5.167085806294819
running=5.290627168226183
features=4.939087853903236
aid=3.6962142683098778
introduced=5.230044678047935
editor=4.471428261444691
olp=10.013900353604836
debugging=8.215636335063078
converted=6.625063737123493
ut=5.03323785704296
able=3.5270847788174557
simulations=5.986405692925884
basepoint=8.869708248626475
prodebug=8.869708248626475
capabilities=6.3413359451813385
current=2.2253427303249356
trademarks=5.961194702907319
exchange=3.988885119733663
shipped=7.750628709442229
april=3.5270847788174557
release=4.782821864078747
personal=2.2253427303249356
programs=3.3257619386060404
selected=4.347085292556137
actual=3.988885119733663
excedes=8.869708248626475
abb=7.089845663136294
workspace=5.870143866601531
based=1.7635423894087279
system=1.7635423894087279
supported=4.887205823030135
alternative=3.6962142683098778
adds=6.432753404942777
language=4.014053544271282
word=5.429231739717157
feature=5.290627168226183
starts=7.0933238270413455
autocad=8.922102928920113
decompilation=9.632418806805616
windows=5.839218670656949
comments=1.7635423894087279
page=1.1126713651624678
copyright=1.1126713651624678
sport=7.345943005846617
started=5.611406046488618
following=2.5835429031474093
rpl=8.922102928920113
arkiv=8.869708248626475
irb=8.346051601902301
tcp=7.725348853430923
convert=9.499728794897976
program=2.0391815964625026
robot=5.785886971766938
simulation=6.898898474439818
creating=4.450685460649871
notepad=9.632418806805616
position=2.5835429031474093
aplication=8.869708248626475
computer=3.6962142683098778
updated=1.7635423894087279
task=6.220183301795644
orientation=5.230044678047935
axes=7.0933238270413455
control=2.2253427303249356
text=4.331891305608567
download=6.636083550353552
extension=5.870143866601531
exe=9.632418806805616
register=5.612752891204095
ctrl=7.750628709442229
skriv=8.869708248626475
mechanisms=5.612752891204095
dynamic=5.290627168226183
write=3.830380527109244
printing=6.842647522863229
arla=9.780239034186934
communication=4.648514349974447
standard=3.6962142683098778
robotrak=6.110627681964864
external=5.679778782471663
revision=5.612752891204095
software=4.600619303802913
specify=6.842647522863229
programmes=6.625063737123493
module=8.346051601902301
offline=7.0933238270413455
