#Tue Mar 12 00:16:51 EDT 2019
potential=3.52841950374742
evaluating=6.987938908239973
rainfall=8.21874530899469
weather=5.834838406530045
statistical=5.232023839722341
arizona=4.015219902393273
topographic=7.7535617144619895
clark=5.603346114622636
tracer=7.096008093721048
bullock=8.21874530899469
climatology=7.096008093721048
total=3.3392772719941255
thompson=6.097167393459316
characteristics=4.118931415724299
ice=5.169041142974659
icing=10.016370116293992
cumulus=8.92469541232912
brown=4.472727518321093
sciences=6.475681839759663
cloud=7.275685774072321
seeding=10.2582747320964
dispersion=8.87306473747303
dr=3.697612995485372
modification=6.343178538610242
society=2.806518272585895
systems=2.806518272585895
passage=5.0351425427728245
airflow=8.87306473747303
daily=3.697612995485372
seasonal=6.282133566972701
experiments=6.435187697531789
affiliate=8.87306473747303
drainage=8.419554817757685
ph=5.614876877918169
simulate=6.627570804088725
engineers=6.821738174979168
kahn=8.87306473747303
february=4.889055247089643
plate=7.395225990970744
cycle=4.549723921969264
amount=3.990394599869794
numerical=7.48154150902797
management=3.124448387612617
kane=7.7535617144619895
american=1.9157467578052392
terblanche=8.87306473747303
mountainous=6.845236928224443
irrigation=8.030439804786546
atmospheric=6.9005999735008015
models=5.027628188537327
ozone=7.395225990970744
ii=2.8773021758717516
advanced=4.34873032336104
hage=8.87306473747303
variations=6.112940075234749
april=3.52841950374742
research=1.76420975187371
clouds=7.48154150902797
water=3.697612995485372
developing=3.990394599869794
central=2.8773021758717516
selected=4.34873032336104
seeded=9.635217685740795
physics=5.169041142974659
real=3.3392772719941255
mather=8.21874530899469
czys=8.87306473747303
time=1.76420975187371
efforts=3.3932544697387907
interactions=7.096008093721048
precipitation=7.705520550755328
review=2.226184847996084
development=1.9157467578052392
journal=6.916954238635483
professor=6.112940075234749
zunkel=8.87306473747303
wisp=8.21874530899469
steffens=8.87306473747303
roelof=8.87306473747303
heymsfield=8.87306473747303
radar=4.889055247089643
flight=6.097167393459316
hall=4.504561885315357
pretoria=8.87306473747303
double=5.232023839722341
york=2.417403259614756
algorithms=6.638011788196373
improvement=4.810705419483413
initiation=7.395225990970744
observations=5.681429148128471
bruintjes=10.21169918165704
linked=5.29262925562113
submitted=6.199772742324686
perspectives=5.681429148128471
applied=4.472727518321093
hydrological=8.92469541232912
bethlehem=8.87306473747303
forecasting=6.343178538610242
program=1.76420975187371
integrated=5.988145154750315
intercomparison=7.705520550755328
verification=6.435187697531789
look=2.8773021758717516
plumes=8.87306473747303
science=1.76420975187371
civil=3.124448387612617
winterstorm=8.87306473747303
hygroscopic=9.635217685740795
modeling=6.987938908239973
continental=6.112940075234749
krauss=8.92469541232912
mesoscale=8.92469541232912
regions=4.452369695992168
microphysical=9.635217685740795
evaluation=3.697612995485372
parameterization=7.7535617144619895
modifications=7.395225990970744
prediction=5.709366066703262
sa=5.614876877918169
publications=3.3392772719941255
crystals=8.87306473747303
convective=8.419554817757685
full=2.8773021758717516
summertime=9.635217685740795
examination=2.5845205714873294
comparisons=5.4073818416029695
dimensional=6.282133566972701
techniques=3.3392772719941255
verlinde=8.87306473747303
guiding=7.096008093721048
archer=5.232023839722341
steyn=8.87306473747303
meteorology=7.705520550755328
results=3.124448387612617
enhance=6.282133566972701
