#Tue Mar 12 00:16:51 EDT 2019
rates=4.493259765422522
include=2.972928909929528
degree=4.493259765422522
bonds=6.490919394530879
resps=9.167959798910466
self=3.4791845359974345
hope=4.255823523336998
content=3.6456860308291295
services=2.3001717890299274
rrif=9.476402630249675
portfolio=7.331842926968794
accumulator=9.167959798910466
fund=4.84185068203359
vehicles=4.970588539037885
copyright=1.1500858945149637
professional=3.6456860308291295
directed=5.606097996901915
deposits=7.621446405071411
mutual=6.020552090476601
invested=7.331842926968794
funds=4.749222786970899
diversify=8.491894156043998
stocks=6.649060257641783
term=3.4791845359974345
savings=4.885481514133491
eligible=6.490919394530879
september=4.123014804444492
investment=4.123014804444492
consider=4.600343578059855
maximize=7.641005289045843
surrey=5.801486523048389
bill=3.6456860308291295
held=3.4502576835448906
option=4.700933358076072
share=4.378785191270569
vary=6.316102780837086
money=3.2286992967556056
pool=5.801486523048389
accounts=5.340833500015915
metro=5.405909417851962
investments=6.639670651834603
earn=8.181860762860946
profit=4.9572421479895015
foreign=2.6704167500079574
rrsp=10.156210105155395
return=2.87758995414415
rrifs=9.167959798910466
manager=5.128729402148789
risk=3.978643507633825
