#Tue Mar 12 00:16:51 EDT 2019
usefulness=6.824576393375055
home=1.1097328492955536
satellite=5.945451451333931
bend=7.372905459788607
transmitted=5.962826030645241
runways=9.612872091560737
families=5.019945298460117
star=6.279787093142783
cosmonaut=8.846283741409394
imaging=5.600019025397238
sar=5.377621719168334
construction=4.10649951205915
km=5.82379755239028
moskva=8.19393920284304
approximately=4.714064703094726
railroad=5.692133857237631
spaceborne=5.82379755239028
gov=3.978350650543002
images=4.535991785210439
band=6.140407499767161
line=3.117202297489562
thin=6.6075672367907
kilometers=6.32846770403873
flowing=8.19393920284304
compound=7.372905459788607
joint=3.978350650543002
cleared=7.372905459788607
south=2.219465698591107
future=2.5767198805987492
agency=3.5177699039037895
shchelkovo=9.612872091560737
pink=8.400028538095857
north=2.5080829054029823
visible=5.82379755239028
permanent=4.438931397182214
road=4.535991785210439
data=3.117202297489562
bruce=4.535991785210439
quarters=7.074590672520129
edge=5.6727342067589355
orbital=6.6075672367907
east=3.7506259547096743
reservoir=7.730159641796249
rail=7.372905459788607
orbit=6.094489784502539
training=4.165835533882445
degrees=5.12256924453693
indicates=6.581118642630917
moscow=4.462354555585617
compared=3.5177699039037895
prominent=5.019945298460117
cm=6.622617188674144
upper=5.211806431702218
american=1.7588849519518948
running=5.276654855855684
station=4.8235938380071985
duration=5.82379755239028
acquired=4.948777756389051
snakes=8.19393920284304
platform=5.945451451333931
late=3.839044907093497
green=4.495691582284729
produced=4.438931397182214
ecology=2.219465698591107
chapman=4.796185579189856
living=3.839044907093497
april=3.5177699039037895
evaluate=5.597929859045392
klyazma=8.846283741409394
aboard=5.82379755239028
meandering=8.846283741409394
left=4.165835533882445
red=4.59128343528586
contains=4.714064703094726
dark=6.7185922987950475
wavelength=8.011815944400839
forest=5.858231798313359
kremlin=6.415764787692247
urban=2.219465698591107
lies=7.730159641796249
textured=8.846283741409394
experience=3.115413976638882
earth=4.535991785210439
river=5.5081481215875465
radar=5.9552574105778735
october=3.5177699039037895
russia=3.617695378505399
cosmonauts=8.846283741409394
southeast=6.581118642630917
space=3.975217353763494
quadrant=8.846283741409394
nd=5.597929859045392
longitude=6.263172610493052
airfield=9.612872091560737
centered=5.692133857237631
alpha=6.415764787692247
page=1.1097328492955536
center=2.800009512698619
channels=5.276654855855684
inner=5.39106109154657
facilities=4.225146825934435
russian=3.8538411432651363
banks=5.39106109154657
blue=5.737892720993107
horizontally=7.077629615063398
nasa=4.59128343528586
synthetic=5.497834387495146
shown=4.8235938380071985
giving=3.978350650543002
light=3.617695378505399
black=1.9113038379877625
received=3.762124358104473
almaz=8.846283741409394
loop=6.6075672367907
represent=4.796185579189856
sir=5.419876986583936
top=3.617695378505399
updated=1.7588849519518948
image=4.040328703353385
monitoring=6.094489784502539
agricultural=4.948777756389051
passing=5.497834387495146
rivers=6.824576393375055
miles=5.211806431702218
bright=5.82379755239028
lower=4.005907972200419
lakes=6.094489784502539
pale=7.074590672520129
city=3.1020957518514414
runs=6.263172610493052
flights=7.687650229524486
environment=3.115413976638882
aperture=5.82379755239028
vertically=6.805917484899037
international=2.219465698591107
illumination=7.372905459788607
jpl=4.535991785210439
mir=8.846283741409394
vorya=8.846283741409394
forested=8.19393920284304
astronauts=7.730159641796249
latitude=5.82379755239028
communities=4.714064703094726
