#Tue Mar 12 00:16:51 EDT 2019
william=4.031586863581279
released=4.860365632607222
properly=5.46320145874441
assignments=8.995266458127238
wide=3.7948173626724753
actions=3.7357829172314614
protect=4.202036804009355
orme=8.093939622882269
distributed=5.222400403711398
line=2.907004148205517
survey=4.1614505463114275
cpj=7.163337372650728
restrictions=5.347264298489266
violation=5.347264298489266
allows=5.01499971871966
continued=4.031586863581279
jr=4.393621634685455
reports=4.393621634685455
include=2.907004148205517
reporters=6.393336524118128
date=3.8904170033438983
contact=2.907004148205517
copied=6.3469831190871595
makers=5.571403539239452
alert=6.526887580524373
violations=5.874195366237057
highlight=8.303586222762137
worldwide=5.556014139443221
easy=4.5966900610108326
introduces=6.695986254615214
individual=2.611200201855699
located=4.498330861503047
practical=4.1614505463114275
countries=3.6341418294728864
www=3.373748146127285
quickly=5.0871195877130875
searchable=8.303586222762137
web=4.97367175653791
site=4.063350937903847
avner=8.303586222762137
policy=2.611200201855699
alerts=8.600521258838983
attacks=5.672838436173653
committee=4.009762144614287
website=5.726354423231691
killed=4.939524254100806
enable=5.672838436173653
press=3.559780831998779
dangerous=5.726354423231691
verified=7.833600605567098
living=3.8904170033438983
release=4.281685536646812
research=1.7824214328297556
org=5.46320145874441
correspondents=7.169259154331677
freedom=4.089496980424114
day=2.4365186095807743
journalists=5.55193985377169
database=6.9468598277328155
month=4.031586863581279
based=1.7824214328297556
vital=5.672838436173653
archive=7.833600605567098
safetynet=8.964660095638108
including=1.1245827153757617
past=2.907004148205517
access=4.170011845360735
york=2.2491654307515234
components=4.7771458577877945
attacked=6.501617205199598
http=3.7357829172314614
applications=3.8904170033438983
provided=3.8904170033438983
safety=4.214484758690958
assistance=4.1614505463114275
serve=4.393621634685455
gidron=8.303586222762137
freely=5.901728573163556
membership=4.759605820898136
imprisoned=6.3469831190871595
activists=6.526887580524373
updated=1.7824214328297556
executive=4.031586863581279
vast=5.571403539239452
advocacy=5.91828054980903
news=3.737780816216762
severe=5.286033261687189
march=3.7357829172314614
information=1.3631656601413713
publications=3.7948173626724753
attributed=5.768303023126749
regularly=6.3469831190871595
urgent=7.253755057677404
world=2.130309861923264
archived=8.303586222762137
immediate=5.432744063481346
essential=4.1614505463114275
hundreds=4.939524254100806
investigations=5.222400403711398
index=1.9308953142473897
provide=3.149154619037777
plus=5.01499971871966
tips=6.02501038112026
tool=4.393621634685455
director=3.8904170033438983
organization=2.611200201855699
service=2.2491654307515234
featuring=6.501617205199598
