#Tue Mar 12 00:16:51 EDT 2019
electrical=6.392962571151463
follow=5.158374725629489
faq=7.4211062302160045
luis=7.386718627958493
ideas=3.950885888072529
numerical=6.899090315299258
exchange=4.468174403786813
url=6.540837005625649
subject=1.1586937943688638
link=4.745356696324545
comments=1.8364862138929599
mail=2.9951800082618236
machines=6.540837005625649
ups=6.061657360351003
machinning=9.935458699852393
control=2.5791873628147446
progarmming=9.236578047503878
november=4.153873802630687
image=3.4760813831065915
programming=5.926328832108792
post=3.8687810442221164
workspace=6.054821028712389
posted=6.363376102302625
centers=5.638012598997023
optional=6.054821028712389
numericalcontrol=9.236578047503878
followup=7.930675027566426
carbajal=9.236578047503878
user=4.985462919501098
name=3.4760813831065915
title=1.8364862138929599
