#Tue Mar 12 00:16:51 EDT 2019
william=4.0455072581398746
turbidity=8.995613566278235
weather=5.032315673245272
arizona=4.3087939377068825
el=2.6202162390418673
cold=5.032315673245272
major=2.2569314224771246
genesis=6.045813733388932
climatology=8.08209687618513
acad=8.332257115981959
textbooks=8.332257115981959
mexico=3.3853971337156867
visibility=8.995613566278235
dr=3.7486819502804303
andrade=8.995613566278235
global=4.559062214438654
pp=6.045813733388932
physical=3.4291247309945243
heating=6.939778757149152
percent=4.61256166231276
model=4.1116343397743655
drainage=7.860648717125604
ph=5.6924257976694586
appl=10.106100197430006
orbital=6.719106374254749
wen=8.332257115981959
response=4.225622640531292
air=3.7486819502804303
temperature=6.368898189322297
numerical=6.719106374254749
effect=2.836186116407934
upper=4.877147661518992
cities=5.104684560073579
atmospheric=6.197367910367367
models=4.408792074704618
rev=7.194013406068788
nevada=4.0455072581398746
paradox=7.4973639005608606
constant=6.197367910367367
tucson=8.115329982156094
szymber=8.995613566278235
variations=6.7081825399583455
kirby=8.995613566278235
research=1.935998211775206
grow=5.5906406630161865
sellers=8.826297230709166
solar=6.051446134106185
selected=4.408792074704618
quasi=7.860648717125604
reduction=4.956579604481563
walsh=7.194013406068788
efforts=3.168003768818813
precipitation=7.194013406068788
cool=6.368898189322297
urban=2.2569314224771246
fields=4.956579604481563
exist=5.032315673245272
professor=6.197367910367367
advisor=6.368898189322297
met=4.211447625968373
causes=3.7486819502804303
academic=4.61256166231276
planetary=7.786975990579238
western=3.1574770864453185
change=2.943675565384029
al=3.3853971337156867
stratosphere=8.995613566278235
wrote=5.304285049666076
united=2.2569314224771246
energy=3.3853971337156867
undergraduate=6.939778757149152
monthly=5.36572750698825
perturbation=8.332257115981959
southwestern=6.939778757149152
sci=6.045813733388932
modeling=7.329446316994465
eighteen=8.995613566278235
patterns=4.0455072581398746
balance=4.0455072581398746
milankovich=8.995613566278235
study=2.2569314224771246
sun=4.877147661518992
lower=3.7486819502804303
climate=5.123290795039716
publications=3.3853971337156867
world=1.7885758356627501
seen=3.168003768818813
developed=3.3853971337156867
beginnings=5.482064978850055
troposphere=8.332257115981959
fe=6.524066201048577
nin=8.995613566278235
dimensional=6.368898189322297
liu=6.719106374254749
naegele=8.995613566278235
trends=4.175819338427513
eds=6.719106374254749
et=4.0455072581398746
berger=7.4973639005608606
