#Tue Mar 12 00:16:51 EDT 2019
bag=7.71643310416607
waiting=6.5549941922218125
please=3.260571246115936
plan=3.0022760342542836
publications=3.4843167358327687
tuber=9.258460871816835
download=6.3784518847588325
starchy=9.258460871816835
page=1.1614389119442563
head=3.858216552083035
time=1.9790006687396715
visit=4.645755647777025
load=6.3784518847588325
misery=6.222469370928397
toy=8.575721479569198
try=4.747338394954373
toys=9.219370001456518
design=3.260571246115936
edible=8.575721479569198
faster=6.222469370928397
bay=5.019655464027291
santa=5.459273591897357
etch=9.95335221936044
facemaker=9.258460871816835
online=5.393555280277556
