#Tue Mar 12 00:16:51 EDT 2019
assess=5.6078521962499135
home=1.1319398435004675
imaging=5.899094711880897
shuttle=5.49894224735295
sar=5.047808328501339
frustrated=7.88484877303842
signal=5.8060398154702915
optical=6.961143792019581
spaceborne=5.940338248269129
woody=8.35790908127681
gov=4.057961892021351
michigan=4.219848259071359
band=5.320614998936009
cloud=6.723977985446295
accurately=6.961143792019581
accuracy=5.8060398154702915
future=2.6282829243461396
particular=3.1777568911241514
plant=4.808398404768662
scientists=5.709950690021286
surface=5.320614998936009
global=4.235572517666206
data=3.164911850914132
seasonal=6.388505692192747
bruce=4.626762048838886
forests=6.739792039750381
map=5.685728703940066
terrestrial=7.216161136228148
raco=8.848642067821347
storage=5.8060398154702915
standing=5.49894224735295
estimate=6.388505692192747
sense=4.188675155435542
losses=5.6078521962499135
stands=6.388505692192747
amount=4.389266885090133
site=3.3958195305014023
growth=3.1777568911241514
upper=4.892162611347074
endeavour=6.21644733438697
distribution=4.057961892021351
acquired=5.047808328501339
leads=6.21644733438697
directly=4.389266885090133
produced=4.52775937400187
predict=6.388505692192747
chapman=4.892162611347074
current=2.263879687000935
temporary=6.06442657765301
april=3.5881644100408305
carbon=6.388505692192747
penetrate=8.35790908127681
globe=6.21644733438697
forest=5.947893487315782
quantity=7.520445535693215
net=4.057961892021351
earth=4.626762048838886
team=4.892162611347074
cover=4.530651997570868
structure=3.1777568911241514
biomass=9.953483069446103
radar=5.866467946005512
space=3.5881644100408305
page=1.1319398435004675
nasa=4.309696734624619
synthetic=5.6078521962499135
change=2.6282829243461396
onboard=7.88484877303842
vegetation=6.739792039750381
determine=4.057961892021351
affect=3.9158684850008716
sir=4.892162611347074
updated=1.7940822050204153
science=1.7940822050204153
plants=6.21644733438697
types=3.3958195305014023
information=1.1319398435004675
climate=4.188675155435542
university=4.057961892021351
surveys=6.544151409347012
aperture=5.940338248269129
detailed=4.067219386146035
organizational=5.8060398154702915
negligible=8.35790908127681
changes=2.9260220485208825
jpl=4.626762048838886
chronic=6.388505692192747
material=3.3958195305014023
techniques=3.6730651025280023
peninsula=7.216161136228148
amounts=5.49894224735295
