#Tue Mar 12 00:16:51 EDT 2019
operations=3.5270847788174557
programming=5.290627168226183
unocal=6.625063737123493
coro=8.869708248626475
marketing=3.8492105017953673
public=2.137011414925718
san=3.6962142683098778
local=2.5835429031474093
clients=5.132985424154366
volunteer=6.625063737123493
observances=8.869708248626475
society=2.5835429031474093
serves=5.682525393574792
professional=3.5270847788174557
agency=3.5270847788174557
mail=2.876213754571195
activity=3.338014095487403
constituent=8.215636335063078
contact=2.876213754571195
account=3.338014095487403
accounts=5.167085806294819
manager=4.961881866957835
chairman=4.236334798783875
seymour=8.869708248626475
grass=6.110627681964864
partner=5.307459046330563
events=3.1236634336214077
leadership=4.639756143979922
served=5.745570790663866
trustees=7.3924285366197555
communications=1.9910393061273373
irvine=7.438183758281423
firm=4.450685460649871
field=3.5270847788174557
anheuser=7.750628709442229
disney=5.961194702907319
aides=6.279757171457287
training=3.6962142683098778
spokesperson=8.215636335063078
management=3.123540784581594
foundation=5.024823755064025
institutional=5.707206336768817
board=4.18020599883756
busch=6.842647522863229
addition=3.6962142683098778
senate=3.988885119733663
lead=4.236334798783875
set=2.5835429031474093
managing=6.279757171457287
pete=7.750628709442229
media=1.1126713651624678
wilson=4.117373312885467
congressman=6.842647522863229
diego=5.290627168226183
relations=3.718540329345277
feedback=5.40533634578192
press=2.876213754571195
role=2.2253427303249356
currently=3.6962142683098778
providing=3.338014095487403
send=1.7635423894087279
tenney=9.632418806805616
larry=7.166300879950047
trustee=7.750628709442229
programs=2.876213754571195
aide=7.0933238270413455
education=1.7635423894087279
california=3.3922687827759406
sea=3.8492105017953673
company=3.123540784581594
offices=3.988885119733663
roots=4.347085292556137
affairs=4.760912998647503
campaigns=4.639756143979922
national=1.915190263554622
sacramento=6.279757171457287
consumer=3.988885119733663
chapter=4.450685460649871
region=3.8492105017953673
leave=5.167085806294819
launch=6.110627681964864
including=1.1126713651624678
honors=6.473800756209361
graduate=6.81975656751559
division=4.347085292556137
center=2.5835429031474093
hired=6.279757171457287
county=4.331891305608567
directed=5.466048446499281
consultant=6.625063737123493
orange=6.1979718060202496
transition=4.961881866957835
meet=3.5270847788174557
uci=7.725348853430923
primary=4.117373312885467
program=1.7635423894087279
entire=4.347085292556137
received=3.338014095487403
nelson=5.238284551020681
southern=3.988885119733663
top=3.338014095487403
advocacy=5.40533634578192
science=1.7635423894087279
executive=3.988885119733663
people=1.7635423894087279
joining=6.110627681964864
america=2.876213754571195
comprehensive=3.8492105017953673
gazettehow=6.842647522863229
studies=1.7635423894087279
acting=5.40533634578192
awards=5.167085806294819
senator=5.986405692925884
john=3.338014095487403
special=2.876213754571195
world=1.7635423894087279
strategic=5.512392371961026
advertising=5.03323785704296
services=2.2253427303249356
office=2.876213754571195
senior=4.548002859624875
assist=5.03323785704296
absence=4.961881866957835
excellence=6.432753404942777
calif=7.0933238270413455
political=1.915190263554622
wayne=6.279757171457287
walt=6.842647522863229
ncg=6.432753404942777
prior=3.988885119733663
director=3.8492105017953673
specialties=6.842647522863229
corporate=4.236334798783875
organization=2.5835429031474093
grisham=7.0933238270413455
nelsongroup=6.432753404942777
