#Tue Mar 12 00:16:51 EDT 2019
expect=6.818510898197957
month=4.105357735376707
pages=2.29032115931526
cancer=5.5631683323460415
keep=4.23759769261457
decision=3.2148721898481867
tends=7.608282205444358
purchases=7.8709050839860675
goof=9.12869743700831
top=3.43548173897289
grounded=8.455527087590118
am=4.463816431912172
skills=4.864559133638651
pacific=4.949301682379809
shortages=7.608282205444358
rights=1.8150365760614464
major=2.4705246792762514
pm=5.725606792078934
wear=6.62058524074917
sagittarius=9.12869743700831
midnight=8.69039996754983
plans=3.2148721898481867
delays=7.300443850541494
fulfill=7.042447976119822
copyright=1.14516057965763
dec=5.247304878869489
floating=6.818510898197957
day=2.29032115931526
shared=4.58064231863052
moon=8.60457099288618
hold=4.474017099125994
times=3.146388048027752
moonwatch=9.12869743700831
savings=4.864559133638651
decisions=4.23759769261457
ups=5.3827582722722
poor=3.804141102722179
meetings=5.5631683323460415
balloons=8.455527087590118
trust=5.5631683323460415
eye=5.1067652973422515
listed=6.009719713296281
column=6.62058524074917
december=4.902395996194708
attached=5.445109728184339
standard=3.804141102722179
time=1.8150365760614464
vision=4.105357735376707
helium=7.976941569193647
initiate=7.608282205444358
disastrous=7.300443850541494
full=2.9601971557190763
course=4.105357735376707
purpose=3.43548173897289
reserved=1.8150365760614464
pageall=7.976941569193647
