#Tue Mar 12 00:16:51 EDT 2019
home=1.123723453601555
automatically=5.281994353515428
engine=7.378918425165459
return=2.6092050578013057
fuel=5.78929496406366
patents=8.29724168791157
load=6.171324128079975
reduce=4.27841402210145
industry=2.6092050578013057
estimated=4.593177860437856
requirement=4.390264592940641
consumption=5.668503981132856
heat=5.4590271813754745
boris=4.93575010363923
extracted=8.29724168791157
ibn=8.29724168791157
copied=6.342133569204167
resulting=4.028506442342445
recreational=6.171324128079975
axial=9.705722150461668
institute=3.732928511402861
storage=5.763895626301201
hydrocarbons=8.957810452980775
develop=3.732928511402861
moscow=4.158270899913873
compared=3.5621190702786696
markets=5.083232663840992
distribution=4.028506442342445
similar=3.3711703608046646
status=2.9047829887408896
set=2.6092050578013057
license=5.897219229657447
directly=4.028506442342445
monoxide=8.957810452980775
fax=3.732928511402861
business=1.7810595351393348
ul=6.910615071906016
aircraft=5.763895626301201
opportunities=4.390264592940641
piston=9.705722150461668
carbon=6.342133569204167
research=1.7810595351393348
speeds=7.465857022805722
central=2.9047829887408896
california=3.154690568499895
scientific=4.593177860437856
novel=5.083232663840992
claim=4.158270899913873
emission=7.8276151734039185
advantages=4.27841402210145
technology=3.632543155223644
economy=3.5621190702786696
emissions=7.487600918636722
fuels=8.481163825978905
horsepower=8.29724168791157
avtomotornaya=8.957810452980775
system=1.7810595351393348
idle=8.29724168791157
automotive=6.932340015229041
weight=5.567146587728021
october=3.5621190702786696
russia=3.6526384450291642
nami=8.957810452980775
reduced=5.011167899595076
trucks=8.29724168791157
access=3.85952997604244
page=1.123723453601555
cylinders=7.8276151734039185
dept=6.020406841479367
exhaust=8.29724168791157
available=2.6092050578013057
applied=4.158270899913873
meet=3.5621190702786696
catalysis=8.957810452980775
stroke=7.761904705171547
onboard=7.8276151734039185
automobile=5.567146587728021
alternatively=7.16378132663926
boat=6.342133569204167
vehicles=4.856651965004415
shortened=8.29724168791157
section=4.390264592940641
building=3.3711703608046646
hydrogen=10.078512571863774
marketplace=7.249508784189969
kisoulenko=8.957810452980775
comes=4.856651965004415
cost=3.3711703608046646
chief=3.8874444459935216
university=4.028506442342445
run=3.732928511402861
arrangement=6.020406841479367
network=3.8874444459935216
developed=3.3711703608046646
diesel=6.342133569204167
methanol=9.705722150461668
developers=7.487600918636722
gasoline=6.871655365662325
nox=8.957810452980775
changes=2.9047829887408896
international=2.24744690720311
versions=6.342133569204167
generating=7.16378132663926
internet=3.8874444459935216
zero=6.171324128079975
stationary=6.690870041329576
depending=4.856651965004415
low=3.3711703608046646
engines=6.636974102566288
