#Tue Mar 12 00:16:51 EDT 2019
program=1.9578444868795102
mitsubishi=7.87484612325091
august=3.961604717684621
function=3.804141102722179
xoff=9.12869743700831
received=3.43548173897289
model=3.630073152122893
cyber=7.596551015022178
comments=1.8150365760614464
image=3.43548173897289
respond=7.596551015022178
url=6.482567218507615
alwaysreceived=9.12869743700831
mail=2.9601971557190763
optional=6.0008809699588355
link=4.70308214885361
subject=1.14516057965763
posted=6.289053675187441
cfunction=9.12869743700831
industrial=3.705787018914377
string=7.87484612325091
company=3.1931068265176354
name=3.43548173897289
volker=7.608282205444358
protocol=7.608282205444358
faq=7.3549944650331875
thanks=7.3549944650331875
post=3.8396237752715976
encountered=6.231150081935526
micro=6.336010140177543
fputs=9.84694754098045
tell=5.587785725337002
user=4.941049358552503
serial=8.20690534120037
rv=8.60457099288618
nick=7.596551015022178
format=6.482567218507615
send=1.9578444868795102
robot=5.857287301949038
rs=7.3549944650331875
follow=5.119498367028797
title=1.8150365760614464
epson=7.976941569193647
owns=7.141495926018076
commands=6.482567218507615
ups=6.015973365335156
port=6.119732125395061
xon=9.12869743700831
re=3.4327675443244083
cprogram=10.706496343453399
workspace=6.0008809699588355
taykheewee=10.202576051787478
interface=7.890943976531083
robotmodel=9.12869743700831
followup=7.8709050839860675
taykw=9.12869743700831
space=3.9156889737590204
oakley=9.84694754098045
stdaux=9.84694754098045
pinkitz=9.12869743700831
regards=6.119732125395061
