#Tue Mar 12 00:16:51 EDT 2019
secrets=5.979456426455632
plug=8.412947391057104
home=1.2757083335545678
application=2.9452904213117796
automate=9.082727840721404
return=2.962103020562289
icon=6.5872458040113
previous=3.9416551716757935
capital=3.4181816028164027
legimate=9.082727840721404
line=2.9452904213117796
play=4.338076849989927
email=5.291181264671014
bottom=5.747551725382105
invested=7.263680833819734
trust=5.535153754792263
mail=3.297658204096034
click=2.278787735210935
customers=6.311644672960616
check=4.451487186041819
don=4.084684288917248
automation=7.006984155288023
ve=5.154118752464754
january=4.084684288917248
valid=5.291181264671014
modified=5.154118752464754
doing=4.684996193910173
industrial=3.827125000663703
questions=2.9452904213117796
achieve=4.451487186041819
simple=4.338076849989927
ones=5.417689661118936
send=1.805896553706312
investment=4.411339634738472
competitive=5.154118752464754
salesman=7.006984155288023
automating=9.082727840721404
real=3.4181816028164027
robots=5.747551725382105
efforts=3.1986829823844594
concerns=5.318184694995028
pretty=7.936771897006522
system=1.805896553706312
successful=4.657230095385858
resolve=5.747551725382105
reveals=5.535153754792263
page=1.2305120719815286
doesn=5.844273614719967
risky=7.936771897006522
storekeep=7.56996899988195
aaa=7.326710438878926
know=4.553435744812539
estor=7.936771897006522
robot=5.438689371708643
scary=8.412947391057104
single=3.784984499940975
phone=3.9416551716757935
understand=4.216258322293665
sounds=6.25738373974813
optimal=6.25738373974813
saturday=6.5872458040113
telling=5.747551725382105
dollars=5.979456426455632
cost=3.4181816028164027
choice=3.9416551716757935
store=5.5662975952845315
believe=4.451487186041819
watch=6.5872458040113
customer=5.64478089496844
money=3.1986829823844594
closely=5.004579536090771
objective=5.355652189899133
stay=5.291181264671014
service=2.278787735210935
