#Tue Mar 12 00:16:51 EDT 2019
building=3.7537182939957128
publications=3.493974102940444
association=3.493974102940444
page=1.1646580343134814
bement=10.313991824143148
misery=6.703580323589435
design=3.2696084651438855
yesterday=7.162352391727317
preview=8.599490527224845
bay=5.407766851704244
library=5.028230358327062
contents=4.434266499457367
family=3.010597344863963
table=5.537817931651444
sneak=8.599490527224845
vision=4.175255379177444
anyway=7.162352391727317
ladies=8.599490527224845
