#Tue Mar 12 00:16:51 EDT 2019
home=1.1363127063546994
maps=6.765828923622877
dependent=5.140180928650302
comparisions=9.788811053176552
imaging=5.91384023600484
shuttle=5.520185531993108
elevation=8.651925117114258
sar=5.067308811377466
topographic=7.9153091923874115
fort=7.8315564630665095
fourth=4.911061810171869
frequency=6.08785441780362
spaceborne=5.96328671555437
scattering=7.244038309351749
multiple=5.4760452883390665
gov=4.073638441374569
mojave=9.05816622961416
band=6.21696512818763
kilometers=6.444294069547669
accuracy=5.8284694666439325
future=2.63843639746247
centimeter=9.788811053176552
north=2.2726254127093988
signatures=7.549498207634341
data=3.366253174054056
color=5.393631113744298
bruce=4.644635963265443
produce=4.738338763685038
model=3.602026057330339
compares=3.7747491038171703
desert=6.988035792761383
penetration=7.549498207634341
covers=5.140180928650302
cycle=4.644635963265443
ideal=5.067308811377466
site=3.408938119064098
endeavour=6.240462454792809
acquired=5.067308811377466
models=4.43944942612764
measurements=6.4131855012796395
precision=7.549498207634341
chapman=4.911061810171869
obtained=5.554795376264877
times=2.63843639746247
aboard=5.96328671555437
california=3.4473457624913055
insights=6.08785441780362
wavelength=8.651925117114258
exist=5.067308811377466
region=3.9309961050227664
radar=5.7198711632207475
october=3.8925707025059846
space=3.602026057330339
measurement=6.5694325024852365
page=1.1363127063546994
nasa=4.326345775536161
synthetic=5.629516217268177
shown=4.5452508254187975
change=2.63843639746247
effects=2.63843639746247
updated=1.8010130286651695
image=3.8204285367577606
types=3.408938119064098
interferometric=9.788811053176552
airborne=6.5694325024852365
miles=5.307195177438399
lower=3.7747491038171703
irwin=9.402971528649548
contours=9.788811053176552
terrain=6.988035792761383
aperture=5.96328671555437
topography=7.82835294415184
detailed=4.079225840392612
proportional=8.390197007504003
jpl=4.644635963265443
provide=2.937325735019869
dimensional=6.4131855012796395
digital=5.4760452883390665
conventional=5.3411693771780255
results=2.937325735019869
faster=6.08785441780362
