#Tue Mar 12 00:16:51 EDT 2019
meet=3.6845840200932996
slate=9.265778206424635
stephenson=8.582499217730877
dennis=7.410070713192873
aol=5.962057219073707
oak=6.861303928506738
com=1.1623568439053975
th=3.0046488539520473
office=3.0046488539520473
schultz=8.096727036445643
wednesday=7.410070713192873
royal=7.051210578212411
troy=8.096727036445643
parish=7.72253171210789
fraternity=7.72253171210789
raschu=9.265778206424635
st=3.748081280483793
minister=4.02109401794579
francis=6.9209008313344516
mi=3.748081280483793
richard=4.846940863998697
mile=7.148200652643773
sfo=6.383493032241846
