#Tue Mar 12 00:16:51 EDT 2019
credit=4.477565474986855
services=2.3237953932536373
copyright=1.1618976966268186
union=3.506345037782381
largest=4.42375691417951
surrey=6.516765726987741
avenue=5.395685810365446
british=4.165359672081431
wholly=7.407143631187136
owned=5.395685810365446
columbia=5.461430081641347
viewed=5.181403325959481
subsidiary=7.407143631187136
november=4.165359672081431
netscape=6.224927333724146
insurance=4.165359672081431
site=3.7469559088159006
experience=3.2618592175526917
updated=1.8415642788277937
assets=5.461430081641347
savings=5.3055990322396935
metro=6.072416970633041
canada=4.621794822368604
