#Tue Mar 12 00:16:51 EDT 2019
english=3.3608984917408504
transportation=4.7457072441463595
housing=4.579182566068346
application=2.8959321899601305
sections=5.550183635789113
public=1.7756326927131805
arizona=4.414737962268044
san=4.290818730013594
fort=6.889558606176975
santa=5.265900253073062
newport=8.581637460027189
occupancy=7.803764632037644
issue=2.601254877345881
king=4.145600755826112
clients=5.159965420024238
waste=4.841853871839781
referendum=6.670483133036062
election=4.145600755826112
processing=4.841853871839781
restrictions=5.326898078139541
professional=3.551265385426361
agency=3.551265385426361
plan=2.8959321899601305
insurance=4.016231687207081
contact=2.8959321899601305
road=4.579182566068346
excise=7.803764632037644
affordable=6.670483133036062
vote=4.145600755826112
scottsdale=8.968999282656105
communications=1.7756326927131805
irvine=6.476854380465449
firm=4.481197988987801
regulatio=8.930516235773217
zoning=9.316804021411091
measure=4.6715648826733105
taxanaheim=8.930516235773217
collins=4.758951057652336
growth=3.145078307774885
hospital=4.376887570059061
land=4.414737962268044
ca=6.059786812735799
diego=5.775770657484586
feedback=5.442393666476658
relations=3.145078307774885
tort=5.746333185120766
deposits=7.470109218698477
water=3.7215543745928317
california=3.6261624987909507
oceanside=8.930516235773217
beach=6.583971085242534
voucher=8.27196020667883
campaigns=4.6715648826733105
seal=8.930516235773217
sacramento=6.322809251938712
initiative=5.442393666476658
rate=3.551265385426361
regulation=4.579182566068346
nj=5.879250554899286
riverside=7.141953469867444
huntington=8.930516235773217
charter=6.670483133036062
smoking=7.022628354203121
bullhead=8.930516235773217
az=4.094481632477429
holiday=6.322809251938712
indian=5.067744185136102
oregon=4.265377805021835
county=4.706576925737991
francisco=4.481197988987801
orange=5.746333185120766
west=2.2405989944939004
meet=3.551265385426361
btransient=8.930516235773217
barbara=5.746333185120766
toxic=6.152520262772241
annexation=7.803764632037644
telephone=4.265377805021835
container=8.461351074954493
official=4.016231687207081
nelson=4.6715648826733105
taxescalifornia=8.930516235773217
people=1.7756326927131805
jurisdiction=6.152520262772241
control=2.2405989944939004
government=1.7756326927131805
gazettehow=6.889558606176975
studies=1.7756326927131805
cdeep=8.930516235773217
initiativeoregon=8.930516235773217
miningyolo=8.930516235773217
awards=5.202509754691762
rollback=8.930516235773217
pit=6.476854380465449
city=2.601254877345881
mercer=7.141953469867444
reform=4.094481632477429
pinal=8.27196020667883
oil=3.8755995031195676
international=2.2405989944939004
political=1.7756326927131805
tobacco=6.476854380465449
airport=6.476854380465449
surprise=6.476854380465449
maricopa=7.022628354203121
ncg=6.476854380465449
finance=4.624801077090512
school=3.145078307774885
covina=8.930516235773217
alcohol=5.651232195832748
restriction=6.670483133036062
clemente=8.930516235773217
district=4.624801077090512
specialties=6.889558606176975
tax=3.8755995031195676
nelsongroup=6.476854380465449
workplace=5.651232195832748
stadium=8.27196020667883
