#Tue Mar 12 00:16:51 EDT 2019
games=5.819406468071467
studies=1.986630667450482
effects=2.5747770599289224
asm=2.2177922439530375
exercise=5.149554119857845
discusses=2.2177922439530375
political=1.7575587705278957
button=2.2177922439530375
afn=2.5747770599289224
teacher=6.237904704428173
art=1.7575587705278957
historic=5.819406468071467
black=1.7575587705278957
economics=2.2177922439530375
test=3.8361503061498508
healthcare=2.2177922439530375
coordination=7.367346363810883
analysis=2.2177922439530375
subject=1.1088961219765188
schools=4.9262089790378365
classes=5.293619628419235
ecology=2.2177922439530375
communications=1.7575587705278957
vs=3.615599091927838
students=3.975351014480933
receive=3.6836731819054416
educationprogram=8.839613733142928
architecture=2.2177922439530375
mainstreaming=8.395161111396483
handicapped=6.089894600984714
skills=5.119600953393968
development=1.910196326115696
adaptive=8.839613733142928
specific=1.910196326115696
children=3.3266883659295563
teachers=5.596774074264321
information=1.1088961219765188
competition=4.435584487906075
learning=4.532571693385624
description=2.2177922439530375
music=2.2177922439530375
physical=3.8908682683810563
com=1.1088961219765188
send=1.7575587705278957
elementary=5.730588978347088
investigation=3.5151175410557913
th=3.115396023424975
pgs=2.7108368357939105
regard=3.975351014480933
history=1.7575587705278957
public=1.7575587705278957
sports=2.2177922439530375
price=1.7575587705278957
reserved=1.7575587705278957
united=2.2177922439530375
evaluation=3.6836731819054416
taechers=8.839613733142928
curriculum=5.970795893689011
catching=8.187761055745852
instruction=5.5937090766777455
activities=3.3192286590234947
fundamental=4.79256930388196
rights=1.7575587705278957
fn=2.6926806827871443
observes=2.5747770599289224
achievement=6.079502265759516
testing=4.870623756609265
media=1.1088961219765188
psychology=2.2177922439530375
class=3.3266883659295563
guide=4.79256930388196
ideal=5.374505636953101
recreation=2.2177922439530375
medicine=2.2177922439530375
pages=2.2177922439530375
footnotes=2.2177922439530375
collection=4.870623756609265
women=2.2177922439530375
improve=4.3323358304568185
objectives=3.975351014480933
ed=5.2122993750310584
simply=4.435584487906075
president=2.8664548925044144
experiences=4.3323358304568185
updated=1.7575587705278957
goals=4.79256930388196
stunts=8.839613733142928
presentation=5.2122993750310584
stress=4.870623756609265
film=2.2177922439530375
experienced=2.2177922439530375
literature=2.2177922439530375
look=2.8664548925044144
girls=8.00717346888288
mass=1.7575587705278957
boys=7.683195592994035
philosophy=2.2177922439530375
sociology=2.2177922439530375
data=2.8664548925044144
pf=6.819430731955009
expands=7.367346363810883
business=1.7575587705278957
rhythmic=8.187761055745852
termpaper=2.2177922439530375
educational=3.3266883659295563
urban=2.2177922439530375
differences=3.3266883659295563
account=3.3266883659295563
results=2.8664548925044144
combination=5.386996286132595
written=1.7575587705278957
classroom=6.324800650703248
program=1.986630667450482
study=2.2177922439530375
click=2.4103993946185587
correlation=6.324800650703248
copyright=1.1088961219765188
standard=3.6836731819054416
existing=4.221961108057888
american=1.7575587705278957
start=1.7575587705278957
throwing=8.839613733142928
sources=1.7575587705278957
shakespeare=2.2177922439530375
catalog=2.2177922439530375
index=1.7575587705278957
comments=1.910196326115696
law=1.1088961219765188
religion=2.2177922439530375
reinforcement=7.069256502867997
fitness=7.683195592994035
level=2.5747770599289224
yr=2.7108368357939105
grade=5.854837224861981
physically=5.493689076098384
including=1.1088961219765188
paper=2.0351757344269132
education=2.1606119087676467
science=1.910196326115696
motor=4.79256930388196
title=1.910196326115696
linguistics=2.2177922439530375
exceptional=6.410927366078774
anthropology=2.2177922439530375
