#Tue Mar 12 00:16:51 EDT 2019
home=1.11351380162974
application=3.125356518238919
button=2.22702760325948
architecture=2.22702760325948
related=2.5854989800489263
description=2.22702760325948
sweden=5.711527431833251
compounds=8.221856636822611
religion=2.22702760325948
women=2.22702760325948
treatment=2.8783914212483337
recreation=2.22702760325948
prepaid=6.847828294101201
termpaper=2.22702760325948
subject=1.11351380162974
mexico=3.3405414048892195
pgs=2.6761346235731254
catalog=2.22702760325948
title=1.9163035755494207
future=2.5854989800489263
wider=6.630079769228661
tissue=7.398025563357333
professional=3.5297552392371885
discusses=2.418105885378997
pages=2.22702760325948
start=1.7648776196185942
written=1.7648776196185942
shakespeare=2.22702760325948
conditions=3.3405414048892195
ada=7.756496940146779
plans=3.126028451784325
chemical=5.2340044998787105
person=3.126028451784325
insurance=3.991905222878074
psychology=2.22702760325948
philosophy=2.22702760325948
literature=2.22702760325948
teeth=7.098694392738611
law=1.11351380162974
click=2.418105885378997
resulting=3.991905222878074
cosmetic=6.847828294101201
film=2.22702760325948
communications=1.7648776196185942
com=1.11351380162974
located=4.45405520651896
healthcare=2.418105885378997
music=2.22702760325948
compared=3.5297552392371885
mann=5.617002472765535
party=3.126028451784325
irrigation=8.032773877052971
china=3.6990127816786664
media=1.11351380162974
hankey=8.876423767616771
role=2.22702760325948
business=1.7648776196185942
ecology=2.22702760325948
footnotes=2.22702760325948
currently=3.6990127816786664
occlusion=8.876423767616771
specialty=6.630079769228661
send=1.7648776196185942
agents=5.037048670596707
comparison=2.8783914212483337
materials=3.852124853146942
affects=4.551446287380964
reserved=1.7648776196185942
dental=6.823720934363472
periodonital=8.876423767616771
education=1.7648776196185942
sociology=2.22702760325948
remedies=5.843639716171875
publicity=6.847828294101201
theory=3.3405414048892195
national=1.7648776196185942
urban=2.22702760325948
third=3.3405414048892195
mass=1.7648776196185942
history=1.7648776196185942
diagnosis=5.516565967598921
structure=3.126028451784325
sources=1.7648776196185942
popular=3.852124853146942
medicine=2.418105885378997
therapy=4.890906071402919
past=2.8783914212483337
provides=2.8783914212483337
increased=4.120490698248971
comments=1.9163035755494207
practices=3.6990127816786664
copyright=1.11351380162974
anthropology=2.22702760325948
dentist=8.876423767616771
black=1.7648776196185942
specific=1.9163035755494207
asm=2.22702760325948
diseases=5.989885627734708
effects=2.5854989800489263
linguistics=2.22702760325948
sports=2.22702760325948
folklore=7.398025563357333
periodontics=8.876423767616771
updated=1.7648776196185942
yr=2.6761346235731254
science=1.9920216621545324
america=3.125356518238919
studies=1.9920216621545324
involving=4.45405520651896
soviet=3.852124853146942
reviews=3.6990127816786664
methods=2.8783914212483337
art=1.7648776196185942
experienced=2.22702760325948
fn=2.6761346235731254
preventive=8.032773877052971
economics=2.22702760325948
surround=8.221856636822611
political=1.7648776196185942
paper=2.040073930510646
preventative=6.630079769228661
subgingivial=8.876423767616771
index=1.7648776196185942
union=3.126028451784325
dentistry=8.889926791748382
techniques=3.3405414048892195
health=2.5854989800489263
acceptance=5.617002472765535
prevention=5.2340044998787105
subgingival=8.876423767616771
trends=4.120490698248971
price=1.7648776196185942
rights=1.7648776196185942
