#Tue Mar 12 00:16:51 EDT 2019
button=2.2397459384868594
nation=4.144022414660985
architecture=2.2397459384868594
description=2.2397459384868594
inequality=7.139234337026427
mcreynolds=8.966380999983057
words=4.577439148703204
highlighting=6.8869355668159375
religion=2.2397459384868594
women=2.2397459384868594
recreation=2.2397459384868594
sacco=7.8007935299737525
contemporary=3.7201374792346806
termpaper=2.2397459384868594
deal=3.7201374792346806
subject=1.1198729692434297
constitution=4.669786292887615
james=4.263753861528236
understood=5.7441454022760565
supreme=5.156308974675745
pgs=2.6830544361404622
catalog=2.2397459384868594
title=1.9246948535895405
pages=2.2397459384868594
start=1.7749566618220929
written=1.7749566618220929
shakespeare=2.2397459384868594
nature=2.8948296310655226
various=2.2397459384868594
psychology=2.2397459384868594
philosophy=2.2397459384868594
literature=2.2397459384868594
click=2.428694499351002
law=1.328723463737753
aristotle=5.649080620480047
miscarried=8.927116149216173
intentions=5.999777671287743
film=2.2397459384868594
communications=1.7749566618220929
com=1.1198729692434297
dreyfus=8.268810850028375
individual=2.6002645099912503
affecting=4.84001044847811
healthcare=2.2397459384868594
analysis=2.428694499351002
music=2.2397459384868594
american=1.7749566618220929
notion=5.999777671287743
determining=4.84001044847811
media=1.1198729692434297
preambles=9.680221990408588
late=3.874123958657955
business=1.7749566618220929
ecology=2.2397459384868594
footnotes=2.2397459384868594
send=1.7749566618220929
observes=2.6002645099912503
court=3.5414607892258467
personal=2.2397459384868594
comparison=3.1390421032650413
central=2.8948296310655226
reserved=1.7749566618220929
education=1.7749566618220929
enforced=6.8869355668159375
sociology=2.2397459384868594
unrealistic=7.139234337026427
trial=4.479491876973719
time=1.9246948535895405
urban=2.2397459384868594
vanzetti=7.8007935299737525
establishing=5.877012166854357
mass=1.7749566618220929
based=1.7749566618220929
history=1.9246948535895405
sources=1.7749566618220929
medicine=2.2397459384868594
comments=1.9246948535895405
vehicle=4.577439148703204
copyright=1.1198729692434297
anthropology=2.2397459384868594
roman=5.063736956854581
black=1.7749566618220929
perceives=8.927116149216173
specific=1.9246948535895405
asm=2.2397459384868594
linguistics=2.2397459384868594
sports=2.2397459384868594
equity=6.667943501571224
updated=1.7749566618220929
yr=2.6830544361404622
science=1.9246948535895405
justice=4.033974245646245
policies=3.1438808922848063
studies=1.9994203456765995
freedoms=7.020578267503413
interpreted=6.150177833635436
decisions=4.144022414660985
afn=2.6002645099912503
disfavor=8.927116149216173
art=1.7749566618220929
experienced=2.2397459384868594
fn=2.657446927475506
provisions=5.065814759286184
economics=2.2397459384868594
changes=2.8948296310655226
enforcement=4.84001044847811
political=1.7749566618220929
paper=2.046791410952094
examination=2.6002645099912503
index=1.7749566618220929
equal=4.84001044847811
defining=5.440321601541666
differences=3.359618907730289
fdr=7.440274958469361
career=4.0147026003089525
protection=3.359618907730289
price=1.7749566618220929
rights=1.9246948535895405
