#Tue Mar 12 00:16:51 EDT 2019
james=4.401156173645952
users=5.377036561500948
image=3.4678848679025496
comments=1.8321558241479607
mail=2.9881174467821436
url=6.529099395539189
production=3.840021390840077
optional=6.043955580098214
found=3.492711985391509
link=4.736841097086294
subject=1.1559616226341833
posted=6.348371416501815
name=3.4678848679025496
productionequiptment=9.214798421523998
faq=7.40778896649799
post=3.8629142179194953
july=3.9989701872719694
potter=7.369300925416693
equiptment=9.214798421523998
user=4.97651644677914
times=2.684059768205893
accurate=6.381490323502888
built=5.085331513770227
title=1.8321558241479607
moore=5.43352792367654
follow=5.150552290559327
ups=6.052465139226911
simulated=6.8325743142948925
re=3.216027099786542
gfd=9.214798421523998
workspace=6.043955580098214
cycle=5.263172774894518
machine=5.377036561500948
time=1.9718979880917573
followup=7.918648528181366
jeffrey=8.53527879497929
ws=8.554882179097744
