#Tue Mar 12 00:16:51 EDT 2019
home=1.113092423998042
collects=7.7535617144619895
transfer=5.223243424079383
return=2.5845205714873294
commercial=3.697612995485372
haulers=8.419554817757685
officers=4.641511927745461
frey=7.09159425615923
delivered=6.435187697531789
load=6.112940075234749
changing=3.52841950374742
approximately=4.728335932906895
disposed=8.21874530899469
tons=6.845236928224443
centers=5.0351425427728245
jack=7.433209366248537
welding=6.845236928224443
employees=4.237937919213974
resource=5.466495563878409
haul=7.7535617144619895
noncombustible=8.87306473747303
shop=5.29262925562113
waste=5.828217853499205
inspections=7.7535617144619895
built=4.549723921969264
opportunity=3.990394599869794
locker=8.21874530899469
landfilling=8.87306473747303
limits=4.810705419483413
serves=5.0351425427728245
various=2.226184847996084
contact=2.8773021758717516
recycling=7.662227666122653
collect=5.4073818416029695
separately=6.845236928224443
lcswma=7.395225990970744
solid=6.112940075234749
bays=8.21874530899469
tires=9.635217685740795
chlorofluoro=8.87306473747303
located=4.834806519229512
includes=2.417403259614756
trucked=8.87306473747303
amount=3.990394599869794
convenience=7.096008093721048
management=2.8773021758717516
site=3.6261048894221335
sent=4.452369695992168
addition=3.697612995485372
markets=5.0351425427728245
questions=2.8773021758717516
station=5.394090531393813
recyclables=8.87306473747303
residents=4.963759550042501
lunchroom=8.87306473747303
lausch=9.635217685740795
perform=4.810705419483413
gas=3.850667126044459
mechanics=6.627570804088725
separate=4.34873032336104
drop=5.29262925562113
scales=5.963450547515912
combustible=8.21874530899469
carbon=6.282133566972701
delivery=5.614876877918169
materials=4.346830353464963
central=2.8773021758717516
day=2.417403259614756
hazardous=6.987938908239973
offices=3.990394599869794
recovery=6.375365885506488
centrally=7.7535617144619895
please=3.1248454952159324
bay=5.2239215322006505
farm=5.430570769816123
refuse=6.097167393459316
pennsylvania=3.52841950374742
complex=3.850667126044459
provides=2.8773021758717516
pass=5.4073818416029695
square=5.29262925562113
page=1.113092423998042
vehicle=4.549723921969264
white=3.6261048894221335
center=2.5845205714873294
facilities=4.237937919213974
maintenance=4.722265030391134
landfill=8.348110017316904
county=4.613351227120206
directed=5.0351425427728245
wastes=6.627570804088725
paint=7.096008093721048
example=2.8773021758717516
sends=6.282133566972701
expanded=5.29262925562113
equipment=4.237937919213974
trailers=8.752617742502336
disposal=5.963450547515912
appliances=7.395225990970744
tire=7.7535617144619895
appropriate=4.118931415724299
vehicles=4.810705419483413
pike=6.112940075234749
sr=6.638011788196373
computer=3.697612995485372
household=6.475681839759663
houses=6.282133566972701
removal=5.841428356904937
items=5.29262925562113
contained=5.709366066703262
completely=5.709366066703262
information=1.113092423998042
miles=4.810705419483413
lancaster=7.384570876566744
record=3.850667126044459
city=2.5845205714873294
compliance=5.614876877918169
methods=2.8773021758717516
wash=6.282133566972701
deposited=8.21874530899469
trash=8.030439804786546
office=2.8773021758717516
inspect=7.096008093721048
acceptable=5.514478380090683
homes=5.29262925562113
authority=4.509529248327194
harrisburg=8.21874530899469
renovated=8.21874530899469
compacted=9.635217685740795
requires=4.34873032336104
electronic=4.728335932906895
facility=5.683035814901855
generated=5.709366066703262
repair=5.841428356904937
dispatch=8.21874530899469
