#Tue Mar 12 00:16:51 EDT 2019
la=2.7983870371321604
studies=1.986630667450482
asm=2.2177922439530375
discusses=2.2177922439530375
distinct=5.687842046010291
puerto=6.429168474875188
political=1.910196326115696
button=2.2177922439530375
rican=8.327571441426342
short=3.3266883659295563
hostos=8.839613733142928
dans=8.839613733142928
art=1.7575587705278957
black=1.7575587705278957
economics=2.2177922439530375
style=3.975351014480933
healthcare=2.2177922439530375
ramon=7.367346363810883
helen=8.187761055745852
evolution=3.975351014480933
subject=1.1088961219765188
arc=5.2726763115836865
tiger=7.367346363810883
national=1.910196326115696
ecology=2.2177922439530375
communications=1.7575587705278957
paradox=7.367346363810883
architecture=2.2177922439530375
role=2.2177922439530375
pio=8.187761055745852
development=1.7575587705278957
goriot=8.187761055745852
concludes=5.149554119857845
aloutette=8.839613733142928
social=2.2177922439530375
specific=1.7575587705278957
peregrinacion=8.839613733142928
unamuno=7.724331179786768
baroja=8.839613733142928
examines=2.506848794904065
war=2.8664548925044144
famous=5.493689076098384
pieces=6.410927366078774
gate=6.089894600984714
loss=4.103403253054539
lerouge=8.839613733142928
writers=4.79256930388196
description=2.2177922439530375
music=2.2177922439530375
joan=7.367346363810883
theme=5.149554119857845
com=1.1088961219765188
send=1.7575587705278957
pgs=2.739911888649169
generation=4.79256930388196
pere=7.724331179786768
history=1.910196326115696
inclan=8.187761055745852
emergence=5.386996286132595
sports=2.2177922439530375
price=1.7575587705278957
reserved=1.7575587705278957
life=2.506848794904065
femmes=8.839613733142928
rights=1.7575587705278957
fn=2.739911888649169
bayoan=8.839613733142928
rey=8.187761055745852
concerned=3.975351014480933
media=1.1088961219765188
maria=5.687842046010291
psychology=2.2177922439530375
novel=5.016160310592137
recreation=2.2177922439530375
lark=8.839613733142928
medicine=2.2177922439530375
et=4.3205957207342545
pages=2.2177922439530375
footnotes=2.2177922439530375
noir=8.839613733142928
culture=3.3266883659295563
women=2.2177922439530375
languages=5.940968641208518
quiroga=7.724331179786768
updated=1.7575587705278957
reviews=3.6836731819054416
bovary=7.367346363810883
time=1.7575587705278957
country=2.5747770599289224
film=2.2177922439530375
experienced=2.2177922439530375
literature=2.6116574818045617
mass=1.7575587705278957
philosophy=2.2177922439530375
sociology=2.2177922439530375
de=2.1167829870260384
story=3.6836731819054416
reflects=6.410927366078774
spain=4.870623756609265
business=1.7575587705278957
novelists=7.069256502867997
termpaper=2.2177922439530375
spanish=5.772113761836529
urban=2.2177922439530375
troite=8.839613733142928
contrasts=4.435584487906075
latin=5.016160310592137
written=2.1713287993945065
french=4.832140537924974
click=2.4103993946185587
symbolism=6.089894600984714
anouilh=7.724331179786768
writer=5.149554119857845
intellectuals=6.602585198074903
valle=7.069256502867997
copyright=1.1088961219765188
miguel=6.819430731955009
correlates=8.187761055745852
american=1.910196326115696
prestige=6.258450241834364
start=1.7575587705278957
sources=1.7575587705278957
shakespeare=2.2177922439530375
catalog=2.2177922439530375
index=1.7575587705278957
comments=1.910196326115696
law=1.1088961219765188
religion=2.2177922439530375
following=2.5747770599289224
las=3.8361503061498508
color=4.870623756609265
guerre=8.839613733142928
yr=2.739911888649169
madame=6.819430731955009
horacio=7.367346363810883
paper=2.069689586694038
education=1.7575587705278957
science=1.910196326115696
title=1.910196326115696
linguistics=2.2177922439530375
le=3.973261334900964
giraudoux=8.839613733142928
anthropology=2.2177922439530375
germinal=7.724331179786768
