#Tue Mar 12 00:16:51 EDT 2019
composers=7.370124863529049
unstructured=8.190848964290176
button=2.218628655711149
architecture=2.218628655711149
public=1.7582216111637805
description=2.218628655711149
mathematics=5.821601182210449
religion=2.218628655711149
women=2.218628655711149
folk=7.710139977701294
recreation=2.218628655711149
origins=4.170514249372499
melodies=8.190848964290176
contemporary=3.6850624317645244
subject=1.1093143278555746
termpaper=2.218628655711149
classical=4.794376759620099
capitalistic=7.370124863529049
improvisation=7.7272443117268494
biography=4.712286854354874
pgs=2.7112532896298065
free=2.218628655711149
catalog=2.218628655711149
title=1.9107499215672998
looking=3.8375970607909564
strong=4.104950798699758
discusses=2.5074656983041246
pages=2.218628655711149
start=1.7582216111637805
written=1.7582216111637805
shakespeare=2.218628655711149
nature=2.867535939019355
pythagoras=7.7272443117268494
concert=6.60507527797696
psychology=2.218628655711149
limiting=5.821601182210449
philosophy=2.218628655711149
literature=2.218628655711149
law=1.1093143278555746
click=2.411097954302276
vs=3.327942983566724
especially=2.867535939019355
rhythm=6.60507527797696
film=2.218628655711149
communications=1.7582216111637805
jazz=7.248280585610223
lena=8.901417157378562
com=1.1093143278555746
limit=4.712286854354874
healthcare=2.218628655711149
horne=8.901417157378562
twentieth=5.274664833491341
music=2.7722595937334003
prominent=5.453375489204333
spheres=6.822002592355093
harmonies=8.190848964290176
persons=4.223553366269945
death=3.384403854786757
presley=7.7272443117268494
ideological=5.495760950121385
media=1.1093143278555746
synthesizers=8.842947479522339
african=4.946911388646531
linking=6.413345164699907
elvis=8.39759411942985
finally=4.534281094376258
business=1.7582216111637805
ecology=2.218628655711149
footnotes=2.218628655711149
short=3.327942983566724
send=1.7582216111637805
observes=2.5757481039089494
characterize=6.822002592355093
comparison=2.867535939019355
reserved=1.7582216111637805
education=1.7582216111637805
evolution=3.97685026687493
supposed=7.370124863529049
sociology=2.218628655711149
theory=3.327942983566724
exposure=6.413345164699907
urban=2.218628655711149
development=1.7582216111637805
notes=3.1142390384143703
mass=1.7582216111637805
history=2.035620052824202
century=3.8214998431345997
sources=1.7582216111637805
medicine=2.218628655711149
th=2.867535939019355
comments=1.9107499215672998
copyright=1.1093143278555746
anthropology=2.218628655711149
examines=2.411097954302276
bodies=5.3890279223450985
black=1.7582216111637805
movement=2.867535939019355
specific=1.7582216111637805
asm=2.218628655711149
linguistics=2.218628655711149
themes=4.712286854354874
sports=2.218628655711149
position=2.5757481039089494
influence=3.1162988987184375
single=3.6850624317645244
instruments=5.595818671954737
computer=3.6850624317645244
reliance=6.60507527797696
marxist=6.0921913262365095
updated=1.7582216111637805
analyzes=2.867535939019355
yr=2.7112532896298065
science=1.9107499215672998
civil=2.867535939019355
commerialization=8.190848964290176
studies=1.987119551828313
celestial=8.190848964290176
sounds=6.0921913262365095
forms=3.1142390384143703
actress=7.370124863529049
singer=7.071922581837399
afn=2.5757481039089494
art=1.7582216111637805
experienced=2.218628655711149
relationship=2.5757481039089494
styles=5.018052090796434
fn=2.6931165052934443
economics=2.218628655711149
tendency=6.260810535673474
arrangements=5.821601182210449
egyptian=6.822002592355093
electric=5.214265126555333
political=1.7582216111637805
paper=2.035620052824202
index=1.7582216111637805
digital=4.946911388646531
prior=3.97685026687493
category=4.872460649578151
career=3.97685026687493
price=1.7582216111637805
electronic=5.121084668844091
transformationfrom=8.190848964290176
rights=1.9107499215672998
