#Tue Mar 12 00:16:51 EDT 2019
nasa=4.444826139207354
chapman=5.045555079889488
death=3.2773946204233786
airsar=7.708718535239808
bruce=4.7718329527339485
jpl=4.7718329527339485
updated=1.8503351794325478
gov=4.185198217000499
valley=5.28094880467305
images=5.123641664307701
cm=7.26266629080368
band=6.09095115505896
