#Tue Mar 12 00:16:52 EDT 2019
operations=4.024751535235315
transportation=4.418964036765461
marketing=4.233080658120675
roles=4.1854537859504815
delta=7.330208886216694
holds=5.494713195421637
directors=6.383592506870829
hollis=9.754257506291657
issue=2.6262616001573664
scouts=8.351481293903898
aeronautical=9.016368239748818
multiple=5.043926228526417
positions=4.306382291504634
operating=4.418964036765461
vice=4.888400213269558
society=2.6262616001573664
atlanta=6.0597626307015995
continued=4.054841049720286
functions=4.306382291504634
carrollton=9.016368239748818
tenure=6.734608691888149
canada=4.806110431015382
chairman=4.944971300511025
served=5.818245462205853
boy=6.0597626307015995
institute=4.217744960450463
airlines=7.446790502428421
trustees=7.514661813426926
head=3.757330906713463
february=4.968015421556632
department=3.1753129849485378
air=4.3831206456989396
corporation=4.1854537859504815
holding=4.623203761426832
vastly=6.734608691888149
management=2.9237717431641905
board=4.493090457927898
american=1.7927024366080944
oglethorpe=9.016368239748818
volume=5.494713195421637
advisory=7.55985101553455
aircraft=6.27636881506258
gazette=7.514661813426926
named=5.043926228526417
aeronautics=6.955790209953511
rise=4.054841049720286
officer=6.200129505904954
technology=3.435176968672976
national=2.0123757676176575
engineer=6.734608691888149
previously=5.116462084800943
flight=5.705559358578415
key=2.6262616001573664
level=2.6262616001573664
division=4.418964036765461
page=1.1310693065560962
facilities=4.306382291504634
caljet=10.121211745502054
following=2.6262616001573664
technical=4.524277226224385
largest=4.306382291504634
harris=6.5316124343562505
georgia=4.392328749676079
airline=7.5250441268045645
holdings=7.210611428881337
council=4.233080658120675
engineering=5.001561470638182
degree=4.418964036765461
personnel=4.054841049720286
top=3.393207919668288
astronautics=8.351481293903898
sclerosis=7.8787848004721
executive=4.78637383888546
joining=6.211666473373555
america=2.9237717431641905
agent=4.623203761426832
continental=7.132788117714121
passenger=7.514661813426926
president=3.451248621279243
front=4.1854537859504815
september=4.054841049720286
chief=4.618774392626947
university=4.054841049720286
experienced=2.2621386131121923
responsible=3.9128569219703215
native=5.043926228526417
lines=4.1854537859504815
prior=4.386684604527145
bachelor=7.8787848004721
career=4.054841049720286
service=2.4472694504585264
joined=7.285761366221337
nelsongroup=6.539118522127688
