#Tue Mar 12 00:16:52 EDT 2019
cotton=5.80408968132813
indiana=3.9648878162058536
jackson=4.779955171773648
bellmon=6.241977883661086
stevenson=5.9253319005502565
williams=3.9648878162058536
pearson=6.241977883661086
alabama=4.210848827400817
hawaii=3.9648878162058536
nunn=5.578986329692841
alaska=3.8260534867444593
vermont=4.320933041464556
jr=4.320933041464556
humphrey=5.479229583627035
florida=3.9648878162058536
byrd=5.718990365086921
dominick=7.3479553702898235
dole=4.779955171773648
mississippi=4.320933041464556
hartke=7.050650087440161
utah=4.092603018890834
delaware=4.210848827400817
pastore=7.050650087440161
taft=6.801481862632099
york=2.211954973257473
church=3.9648878162058536
goldwater=4.698112194699394
wyoming=4.210848827400817
bible=5.672871539288256
bartlett=6.073865884412937
minnesota=4.210848827400817
weicker=5.479229583627035
tunney=7.050650087440161
huddleston=5.9253319005502565
brock=7.050650087440161
hansen=4.779955171773648
domenici=5.479229583627035
tower=5.136000397032349
acu=3.9648878162058536
hollings=5.37281761108136
saxbe=7.704000595548526
ohio=3.8260534867444593
talmadge=6.241977883661086
stafford=5.479229583627035
north=2.4055207878145537
iowa=4.092603018890834
kansas=3.9648878162058536
curtis=6.3940536852606344
ervin=6.241977883661086
arizona=3.6739776851449117
republicans=4.423909946514946
mansfield=6.5852070702557715
javits=5.80408968132813
south=2.4055207878145537
mondale=7.050650087440161
carolina=4.450742333021513
fong=7.050650087440161
oklahoma=4.092603018890834
baker=5.002957682769305
dakota=4.450742333021513
nelson=4.611843172525498
helms=5.258798528845143
mcgovern=6.241977883661086
aiken=7.3479553702898235
inouye=5.37281761108136
chiles=5.479229583627035
nebraska=4.320933041464556
symington=6.3940536852606344
tennessee=4.092603018890834
virginia=3.995483543938374
mcclure=5.479229583627035
island=3.3179324598862086
kentucky=4.210848827400817
jersey=3.3179324598862086
moss=5.9253319005502565
california=3.104871340772081
thurmond=5.198580505519571
wisconsin=4.092603018890834
sparkman=6.5852070702557715
rhode=4.210848827400817
hatfield=5.479229583627035
roth=4.520641879854404
hruska=7.050650087440161
bennett=4.857804183720462
proxmire=5.479229583627035
house=2.5680001985161747
clark=4.9320309733731955
allen=4.9320309733731955
missouri=3.9648878162058536
kennedy=4.092603018890834
hart=5.258798528845143
oregon=4.210848827400817
hampshire=4.092603018890834
mcclellan=5.9253319005502565
maine=3.9648878162058536
fulbright=7.050650087440161
mcintyre=6.3940536852606344
washington=2.5680001985161747
burdick=5.37281761108136
cook=5.80408968132813
maryland=4.092603018890834
pennsylvania=3.5058656858967625
buckley=7.050650087440161
hughes=4.698112194699394
magnuson=6.241977883661086
nevada=3.9648878162058536
montoya=7.050650087440161
cannon=5.9253319005502565
brooke=6.5852070702557715
bold=4.779955171773648
stevens=4.779955171773648
montana=4.092603018890834
abourezk=6.5852070702557715
connecticut=4.092603018890834
biden=5.672871539288256
johnston=5.198580505519571
mathias=5.136000397032349
west=2.211954973257473
gurney=7.3479553702898235
colorado=3.8260534867444593
michigan=3.6739776851449117
muskie=6.3940536852606344
bayh=6.241977883661086
griffin=5.9253319005502565
cranston=5.479229583627035
stennis=5.479229583627035
scott=4.450742333021513
louisiana=4.320933041464556
pell=5.479229583627035
ratings=4.092603018890834
mcgee=7.050650087440161
eagleton=5.479229583627035
beall=6.801481862632099
mexico=3.3179324598862086
massachusetts=3.8260534867444593
schweiker=6.241977883661086
packwood=5.479229583627035
gravel=6.073865884412937
illinois=3.104871340772081
hathaway=6.5852070702557715
metcalf=6.801481862632099
texas=3.5058656858967625
percy=5.37281761108136
arkansas=4.210848827400817
randolph=4.611843172525498
haskell=7.050650087440161
georgia=3.8260534867444593
bentsen=5.479229583627035
idaho=4.210848827400817
ribicoff=6.241977883661086
fannin=7.050650087440161
eastland=6.5852070702557715
