#Tue Mar 12 00:16:52 EDT 2019
cotton=5.808457672559166
metzenbaum=5.929791135194035
indiana=3.967871676925467
jackson=4.783552428780585
bellmon=6.246675416979336
stevenson=5.929791135194035
williams=3.967871676925467
pearson=6.246675416979336
alabama=4.21401779131474
hawaii=3.967871676925467
nunn=5.583184914605227
alaska=3.8289328647343166
vermont=4.32418485159694
jr=4.32418485159694
humphrey=5.483353094476826
florida=3.967871676925467
byrd=5.7222994609211675
dominick=7.353485230506615
dole=4.783552428780585
mississippi=4.32418485159694
hartke=7.055956204238134
utah=4.095682994404675
delaware=4.21401779131474
pastore=7.055956204238134
taft=6.806600462578892
york=2.213619627054556
church=3.967871676925467
goldwater=4.701647859031888
wyoming=4.21401779131474
bible=5.677140779513492
bartlett=6.078436901467851
minnesota=4.21401779131474
weicker=5.483353094476826
tunney=7.055956204238134
huddleston=5.929791135194035
brock=7.055956204238134
hansen=4.783552428780585
domenici=5.483353094476826
tower=5.1398656034520585
acu=3.967871676925467
hollings=5.376861039336209
ohio=3.8289328647343166
talmadge=6.246675416979336
stafford=5.483353094476826
north=2.406912659160717
iowa=4.095682994404675
kansas=3.967871676925467
curtis=6.398865666460346
ervin=6.246675416979336
arizona=3.6767426152533074
mansfield=6.590162908004104
javits=5.808457672559166
south=2.406912659160717
mondale=7.055956204238134
carolina=4.4533176010274556
fong=7.055956204238134
oklahoma=4.095682994404675
baker=5.006722765062551
dakota=4.4533176010274556
nelson=4.6153139132691
helms=5.262756149612733
mcgovern=6.246675416979336
aiken=7.353485230506615
inouye=5.376861039336209
chiles=5.483353094476826
nebraska=4.32418485159694
symington=6.398865666460346
tennessee=4.095682994404675
virginia=3.9977953922030185
mcclure=5.483353094476826
island=3.3204294405818335
kentucky=4.21401779131474
jersey=3.3204294405818335
moss=5.929791135194035
california=3.1072079777874624
thurmond=5.202492807931954
wisconsin=4.095682994404675
sparkman=6.590162908004104
rhode=4.21401779131474
hatfield=5.483353094476826
roth=4.524043985123966
hruska=7.055956204238134
bennett=4.8614600276583735
proxmire=5.483353094476826
clark=4.935742678261595
allen=4.935742678261595
missouri=3.967871676925467
kennedy=4.095682994404675
hart=5.262756149612733
oregon=4.21401779131474
hampshire=4.095682994404675
mcclellan=5.929791135194035
maine=3.967871676925467
fulbright=7.055956204238134
mcintyre=6.398865666460346
washington=2.5699328017260292
burdick=5.376861039336209
cook=5.808457672559166
maryland=4.095682994404675
pennsylvania=3.508504099741822
buckley=7.055956204238134
hughes=4.701647859031888
magnuson=6.246675416979336
nevada=3.967871676925467
montoya=7.055956204238134
cannon=5.929791135194035
brooke=6.590162908004104
stevens=4.783552428780585
montana=4.095682994404675
abourezk=6.590162908004104
connecticut=4.095682994404675
johnston=5.202492807931954
biden=5.677140779513492
mathias=5.1398656034520585
west=2.213619627054556
gurney=7.353485230506615
colorado=3.8289328647343166
michigan=3.6767426152533074
muskie=6.398865666460346
bayh=6.246675416979336
griffin=5.929791135194035
cranston=5.483353094476826
stennis=5.483353094476826
scott=4.4533176010274556
louisiana=4.32418485159694
pell=5.483353094476826
ratings=4.095682994404675
mcgee=7.055956204238134
eagleton=5.483353094476826
beall=6.806600462578892
mexico=3.3204294405818335
massachusetts=3.8289328647343166
schweiker=6.246675416979336
packwood=5.483353094476826
gravel=6.078436901467851
illinois=3.1072079777874624
hathaway=6.590162908004104
metcalf=6.806600462578892
texas=3.508504099741822
percy=5.376861039336209
arkansas=4.21401779131474
randolph=4.6153139132691
haskell=7.055956204238134
georgia=3.8289328647343166
senate=3.967871676925467
bentsen=5.483353094476826
idaho=4.21401779131474
ribicoff=6.246675416979336
fannin=7.055956204238134
eastland=6.590162908004104
