#Tue Mar 12 00:16:52 EDT 2019
metzenbaum=5.9253319005502565
indiana=3.9648878162058536
stone=5.9253319005502565
jackson=4.779955171773648
bellmon=6.241977883661086
stevenson=5.9253319005502565
williams=3.9648878162058536
laxalt=5.9253319005502565
alabama=4.210848827400817
hawaii=3.9648878162058536
baucus=5.9253319005502565
nunn=5.578986329692841
alaska=3.8260534867444593
jepsen=6.801481862632099
vermont=4.320933041464556
schmitt=6.801481862632099
ford=3.8260534867444593
deconcini=6.073865884412937
humphrey=5.479229583627035
bryd=7.050650087440161
florida=3.9648878162058536
byrd=5.258798528845143
melcher=5.578986329692841
dole=4.779955171773648
moynihan=5.9253319005502565
mississippi=4.320933041464556
utah=4.092603018890834
pressler=5.80408968132813
delaware=4.210848827400817
sasser=6.073865884412937
york=2.211954973257473
church=3.9648878162058536
goldwater=4.698112194699394
wyoming=4.210848827400817
durkin=7.050650087440161
riegle=5.578986329692841
simpson=5.9253319005502565
pryor=6.073865884412937
minnesota=4.210848827400817
weicker=5.479229583627035
huddleston=5.9253319005502565
zorinsky=6.073865884412937
domenici=5.479229583627035
tower=5.136000397032349
acu=3.9648878162058536
hollings=5.37281761108136
lugar=5.672871539288256
leahy=5.37281761108136
ohio=3.8260534867444593
talmadge=6.241977883661086
stafford=5.479229583627035
north=2.4055207878145537
hatch=5.80408968132813
iowa=4.092603018890834
kansas=3.9648878162058536
arizona=3.6739776851449117
culver=6.3940536852606344
armstrong=5.479229583627035
javits=5.80408968132813
south=2.4055207878145537
carolina=4.450742333021513
garn=6.073865884412937
oklahoma=4.092603018890834
baker=5.002957682769305
durenburger=6.3940536852606344
dakota=4.450742333021513
nelson=4.611843172525498
helms=5.258798528845143
mcgovern=6.241977883661086
wallop=6.073865884412937
inouye=5.37281761108136
chiles=5.479229583627035
nebraska=4.320933041464556
tennessee=4.092603018890834
virginia=3.995483543938374
mcclure=5.479229583627035
island=3.3179324598862086
mitchell=4.779955171773648
kentucky=4.210848827400817
bumpers=5.9253319005502565
jersey=3.3179324598862086
california=3.104871340772081
thurmond=5.198580505519571
wisconsin=4.092603018890834
exon=5.9253319005502565
rhode=4.210848827400817
hatfield=5.479229583627035
roth=4.520641879854404
boschwitz=6.3940536852606344
warner=5.9253319005502565
proxmire=5.479229583627035
levin=5.578986329692841
matsunaga=5.578986329692841
missouri=3.9648878162058536
kennedy=4.092603018890834
hart=5.258798528845143
oregon=4.210848827400817
heflin=6.3940536852606344
hampshire=4.092603018890834
stewart=7.050650087440161
maine=3.9648878162058536
washington=2.5680001985161747
burdick=5.37281761108136
maryland=4.092603018890834
pennsylvania=3.5058656858967625
magnuson=6.241977883661086
nevada=3.9648878162058536
cannon=5.9253319005502565
kassebaum=7.3479553702898235
cohen=5.37281761108136
stevens=4.779955171773648
montana=4.092603018890834
sarbanes=5.479229583627035
connecticut=4.092603018890834
johnston=5.198580505519571
biden=5.672871539288256
glenn=5.479229583627035
mathias=5.136000397032349
west=2.211954973257473
colorado=3.8260534867444593
michigan=3.6739776851449117
bayh=6.241977883661086
cochran=5.479229583627035
hayakawa=6.3940536852606344
cranston=5.479229583627035
stennis=5.479229583627035
louisiana=4.320933041464556
pell=5.479229583627035
ratings=4.092603018890834
chafee=6.073865884412937
eagleton=5.479229583627035
mexico=3.3179324598862086
danforth=6.073865884412937
massachusetts=3.8260534867444593
schweiker=6.241977883661086
packwood=5.479229583627035
gravel=6.073865884412937
heinz=5.578986329692841
illinois=3.104871340772081
morgan=5.136000397032349
boren=6.3940536852606344
texas=3.5058656858967625
percy=5.37281761108136
arkansas=4.210848827400817
randolph=4.611843172525498
georgia=3.8260534867444593
senate=3.9648878162058536
bentsen=5.479229583627035
tsongas=6.241977883661086
bradley=5.479229583627035
idaho=4.210848827400817
ribicoff=6.241977883661086
