#Tue Mar 12 00:16:52 EDT 2019
metzenbaum=5.92310479730929
indiana=3.96339756812292
jackson=4.778158571374986
williams=3.96339756812292
laxalt=5.92310479730929
alabama=4.209266132080432
hawaii=3.96339756812292
baucus=5.92310479730929
nunn=5.57688940436533
alaska=3.824615421119874
jepsen=6.798925448484525
vermont=4.319308969742979
schmitt=6.798925448484525
ford=3.824615421119874
deconcini=6.071582952988434
humphrey=5.477170153004666
bryd=7.048000020587501
florida=3.96339756812292
byrd=5.256821949736369
melcher=5.57688940436533
dole=4.778158571374986
moynihan=5.92310479730929
mississippi=4.319308969742979
utah=4.0910647675995415
symms=5.801908148351227
pressler=5.801908148351227
delaware=4.209266132080432
sasser=6.071582952988434
dixon=5.256821949736369
york=2.2111235848774635
amato=6.391650407617396
goldwater=4.696346355912495
wyoming=4.209266132080432
riegle=5.57688940436533
simpson=5.92310479730929
pryor=6.071582952988434
minnesota=4.209266132080432
weicker=5.477170153004666
huddleston=5.92310479730929
zorinsky=6.071582952988434
domenici=5.477170153004666
tower=5.134069972995044
acu=3.96339756812292
hollings=5.370798176606534
lugar=5.670739326139223
leahy=5.370798176606534
ohio=3.824615421119874
andrews=4.518942745299437
stafford=5.477170153004666
north=2.40482545563632
hatch=5.801908148351227
iowa=4.0910647675995415
kansas=3.96339756812292
kassenbaum=6.582731945443398
arizona=3.6725967789362546
armstrong=5.477170153004666
grassley=5.92310479730929
south=2.40482545563632
carolina=4.449455815616694
garn=6.071582952988434
nickles=6.582731945443398
rudman=6.582731945443398
oklahoma=4.0910647675995415
baker=5.001077264346047
durenburger=6.391650407617396
dakota=4.449455815616694
helms=5.256821949736369
wallop=6.071582952988434
inouye=5.370798176606534
chiles=5.477170153004666
nebraska=4.319308969742979
tennessee=4.0910647675995415
virginia=3.9943286221892973
mcclure=5.477170153004666
island=3.3166853773161953
mitchell=4.778158571374986
kentucky=4.209266132080432
bumpers=5.92310479730929
jersey=3.3166853773161953
california=3.103704339641701
thurmond=5.196626560038274
wisconsin=4.0910647675995415
exon=5.92310479730929
rhode=4.209266132080432
hatfield=5.477170153004666
roth=4.518942745299437
boschwitz=6.391650407617396
quayle=5.801908148351227
warner=5.92310479730929
proxmire=5.477170153004666
levin=5.57688940436533
matsunaga=5.57688940436533
missouri=3.96339756812292
hawkins=4.855978322887157
gorton=6.582731945443398
kennedy=4.0910647675995415
kasten=6.239631765433776
hart=5.256821949736369
oregon=4.209266132080432
heflin=6.391650407617396
hampshire=4.0910647675995415
maine=3.96339756812292
specter=6.391650407617396
washington=2.567034986497522
burdick=5.370798176606534
maryland=4.0910647675995415
pennsylvania=3.5045479664909127
mattingly=6.798925448484525
nevada=3.96339756812292
cannon=5.92310479730929
cohen=5.370798176606534
stevens=4.778158571374986
montana=4.0910647675995415
sarbanes=5.477170153004666
connecticut=4.0910647675995415
abdnor=5.801908148351227
murkowski=6.798925448484525
biden=5.670739326139223
johnston=5.196626560038274
glenn=5.477170153004666
mathias=5.134069972995044
west=2.2111235848774635
colorado=3.824615421119874
michigan=3.6725967789362546
denton=6.798925448484525
dodd=5.670739326139223
cochran=5.477170153004666
hayakawa=6.391650407617396
cranston=5.477170153004666
stennis=5.477170153004666
louisiana=4.319308969742979
pell=5.477170153004666
ratings=4.0910647675995415
chafee=6.071582952988434
eagleton=5.477170153004666
mexico=3.3166853773161953
danforth=6.071582952988434
massachusetts=3.824615421119874
packwood=5.477170153004666
heinz=5.57688940436533
illinois=3.103704339641701
east=3.103704339641701
boren=6.391650407617396
texas=3.5045479664909127
percy=5.370798176606534
arkansas=4.209266132080432
randolph=4.610109758929644
georgia=3.824615421119874
senate=3.96339756812292
bentsen=5.477170153004666
tsongas=6.239631765433776
bradley=5.477170153004666
idaho=4.209266132080432
