#Tue Mar 12 00:16:52 EDT 2019
directory=5.76994453645828
modifiedsizedescription=6.934602570771761
webwarrior=6.112040942026842
infowar=6.790037726197599
jul=7.758995897374895
interpact=6.112040942026842
com=1.2938512791580292
plain=7.921074351220881
namelast=6.934602570771761
parent=4.658632137253925
text=5.300322701501298
txt=8.547668805175952
risks=6.281486693403947
dec=4.947382907713361
archives=6.112040942026842
digest=4.856536655414444
fax=3.868910245122244
voice=4.309746848225737
