#Tue Mar 12 00:16:52 EDT 2019
directory=5.763098796576733
modifiedsizedescription=6.926375024548145
webwarrior=6.104789322506047
infowar=6.784868434206856
jul=7.728864591199771
interpact=6.104789322506047
law=1.1632762279714124
com=1.2928662632679468
plain=7.890313629128824
namelast=6.926375024548145
parent=4.65310491188565
text=5.279739413630257
txt=8.514474764444541
risks=6.2574954564336585
dec=4.941513094534635
archives=6.104789322506047
bowen=6.388542154471505
fax=3.8643199838128313
digest=4.850774626601499
voice=4.304633557154766
afp=5.467909785126178
