#Tue Mar 12 00:16:52 EDT 2019
directory=5.763098796576733
lehrer=8.589287677805542
modifiedsizedescription=6.926375024548145
webwarrior=6.104789322506047
infowar=6.784868434206856
jul=7.755323104621058
interpact=6.104789322506047
com=1.2928662632679468
plain=7.9173248371259435
namelast=6.926375024548145
las=4.0242745642534326
parent=4.65310491188565
text=5.29781374453463
txt=8.54362268677802
risks=6.278548773774164
dec=4.941513094534635
archives=6.104789322506047
ftc=6.565363739654249
fax=3.8643199838128313
digest=4.850774626601499
voice=4.304633557154766
