#Tue Mar 12 00:16:52 EDT 2019
directory=5.767660816821175
modifiedsizedescription=6.931857884411897
webwarrior=6.109621822079692
infowar=6.7883137538878
jul=7.666737412756997
interpact=6.109621822079692
com=1.2935227737994124
plain=7.826888669741582
namelast=6.931857884411897
parent=4.656788270362888
text=5.237299116118066
txt=8.446032590720932
risks=6.208397595576602
dec=4.94542475448897
archives=6.109621822079692
fax=3.867378946815102
digest=4.854614458752378
voice=4.308041068656098
md=6.237246333241169
