#Tue Mar 12 00:16:52 EDT 2019
directory=5.763098796576733
modifiedsizedescription=6.926375024548145
ncs=7.7286399676256625
webwarrior=6.104789322506047
infowar=6.784868434206856
jul=7.762559264781008
interpact=6.104789322506047
com=1.2928662632679468
plain=7.9247121541708845
namelast=6.926375024548145
parent=4.65310491188565
text=5.302756907860758
txt=8.551594375548907
risks=6.284319265109943
dec=4.941513094534635
archives=6.104789322506047
ncsx=9.27310711654968
fax=3.8643199838128313
bt=6.926375024548145
digest=4.850774626601499
voice=4.304633557154766
