#Tue Mar 12 00:16:52 EDT 2019
directory=5.765378904241987
modifiedsizedescription=6.92911536986294
webwarrior=6.107204616329793
infowar=6.78659065677965
jul=7.761787975298351
interpact=6.107204616329793
com=1.293194435211706
plain=7.923924753143838
namelast=6.92911536986294
parent=4.654945862483811
msfaq=9.27677592101816
text=5.302230024845426
txt=8.550744687375609
risks=6.283707057773778
dec=4.94346815070884
archives=6.107204616329793
fax=3.8658488601911647
digest=4.852693783082922
voice=4.306336638832909
parnas=9.27677592101816
