#Tue Mar 12 00:16:52 EDT 2019
announcements=7.794858107750328
astonishingly=8.920323737216092
digest=4.66623317316525
coffee=7.754027818526839
infowar=6.369087739836263
issue=2.5982860359167756
charged=4.753519613320569
master=5.412138634945404
gov=4.011647916840822
ptc=7.434613845511148
files=5.06078221063227
subject=1.2908148874830159
guy=7.226242859474859
topics=4.836327809594371
info=3.717306922755574
gold=6.12207174321777
knowledge=3.717306922755574
mexico=3.3570626605163922
free=2.2380417736775953
product=4.140869335087755
particular=3.4071144789333005
spook=9.67457347438159
hearing=4.836327809594371
lahorwpoa=8.26251932551975
scientists=5.644782381008912
date=4.465485835566491
canada=4.140869335087755
pm=4.96070294464895
dc=5.872540500159366
search=4.26050968139096
url=5.872540500159366
pk=7.13380227809814
ave=6.469462273762462
glossary=7.794858107750328
vet=6.662870035661418
interpact=5.872540500159366
davidm=8.26251932551975
com=1.3120807221102742
opinions=5.196572071833551
daggers=7.736994342843246
www=3.936242166330822
countries=3.1414887945521635
ix=7.226242859474859
ksu=6.662870035661418
metro=5.259890221926553
american=1.7736061431632266
policy=2.8179817125988675
library=4.26050968139096
thank=6.662870035661418
intell=8.920323737216092
david=4.490996718312227
articles=4.011647916840822
fax=3.717306922755574
birdsey=9.309886630302806
fas=7.226242859474859
webwarrior=5.872540500159366
documents=4.26050968139096
personal=2.2380417736775953
netcom=6.6651252585352925
org=5.895833568044423
day=2.2380417736775953
intel=7.226242859474859
selected=4.371892179080002
contains=4.753519613320569
fees=5.54384914882262
doddir=8.920323737216092
federation=5.196572071833551
paknet=8.26251932551975
net=4.011647916840822
qualification=7.794858107750328
bolling=6.755173257654017
infosecnews=8.920323737216092
washington=2.5982860359167756
birdhaex=8.26251932551975
space=3.5472122863264532
irp=8.920323737216092
complete=3.717306922755574
ne=3.717306922755574
subscription=8.26251932551975
http=4.2879942400287
am=3.5472122863264532
turiyan=8.961149018027195
wrote=5.926640498464928
november=4.011647916840822
pike=6.6651252585352925
fri=7.685765240443823
adscapes=9.309886630302806
degree=4.74155348556708
compiled=7.794858107750328
touch=5.320818429489679
massachusetts=3.8711762378456855
masters=6.662870035661418
science=1.7736061431632266
voice=4.140869335087755
text=4.350849102359904
speak=6.369087739836263
news=3.623775527840677
spookspeak=10.051075153625352
course=4.011647916840822
information=1.1190208868387976
html=5.43618220141368
infosecurity=10.051075153625352
john=3.640915994087537
project=3.717306922755574
oct=5.54384914882262
cstcdt=8.920323737216092
hoped=6.88169547550247
afb=8.961149018027195
intelligence=5.412138634945404
nov=7.029540702962643
magazine=4.9150949377153905
index=1.7736061431632266
terminology=8.453945137796604
cloaks=7.736994342843246
re=2.892627030002024
director=3.8711762378456855
protection=3.3570626605163922
pending=6.88169547550247
edu=5.061960311737164
librarian=7.794858107750328
turnpike=8.26251932551975
