#Tue Mar 12 00:16:52 EDT 2019
subcontinent=9.905778708519337
agency=3.6585604506964686
infowar=6.52129769782894
net=4.137574868932437
involvement=4.137574868932437
subject=1.1541473217921014
indian=5.621170279972902
com=1.2426424871767703
am=3.6585604506964686
appreciated=8.039541276324258
cia=5.359694184216171
fax=3.8339944139001876
daggers=7.921894854818926
specific=1.8292802253482343
greatly=6.183404297491866
carlos=6.8916207226837125
operations=3.6585604506964686
uninet=7.667988827800375
day=2.308294643584203
available=2.6798470921080857
oct=6.372769116842057
indonesia=5.487840676044702
id=5.424999911937762
links=5.487840676044702
october=3.6585604506964686
know=4.270852590145661
digest=4.81270777248857
re=2.9834275471403355
voice=4.270852590145661
cloaks=7.921894854818926
topics=4.988141735692289
interpact=6.056881484599997
webwarrior=6.056881484599997
intelligence=5.736334678207677
sat=6.183404297491866
kind=4.394248486404759
question=3.4624419653763043
intel=6.872019725057425
information=1.2426424871767703
date=3.9926937375731515
data=2.9834275471403355
