#Tue Mar 12 00:16:52 EDT 2019
hd=6.82382425358856
engines=6.712269367231206
service=2.2921059024152934
api=6.625744361677931
specially=7.879525833125884
category=5.033828345016364
genemax=9.126231977583146
range=3.8071054968452573
sport=6.293954448647476
designed=3.21737739351143
fuel=5.449352854514799
meeting=3.964691816040321
carburation=9.135811015685574
varnishing=8.462116095234457
requirements=4.25378862419347
semisynthetic=9.85279919280001
sj=7.565588324496332
city=2.6610525456376104
vehicles=5.534306595289923
specifically=3.8071054968452573
sf=7.306132754360262
provides=2.9625039027125797
energy=3.43815885362294
super=5.567503456376615
performance=3.8071054968452573
light=3.43815885362294
gasoline=6.975785973512246
rust=6.293954448647476
cng=7.983157636912832
muddying=8.462116095234457
cf=6.293954448647476
crankcase=8.462116095234457
cc=5.87842993914904
generation=5.341887597608535
ultra=6.468158042482868
suction=8.462116095234457
suplemento=7.983157636912832
lube=8.609684349415957
injected=7.983157636912832
country=2.6610525456376104
standard=3.8071054968452573
equipped=6.82382425358856
meet=3.9180159129869154
synthetic=5.677771302380913
motor=4.953158448052903
return=2.6610525456376104
diesel=6.975785973512246
protection=3.43815885362294
typical=6.004447056393305
turbocharged=9.135811015685574
developed=3.7079892217048243
oils=6.82382425358856
lubes=7.306132754360262
conserving=8.462116095234457
sae=7.91022262405159
automobile=5.677771302380913
