#Tue Mar 12 00:16:52 EDT 2019
low=3.4516072562839017
engines=6.584689348405567
resulting=4.1246275269982755
fully=4.495017309769899
containing=5.699979977995424
additives=7.643994078111053
ash=6.850515730090058
specially=7.334710786777682
bio=7.167035264102637
designed=3.229962206646118
content=3.6471120456180146
formulation=6.850515730090058
granted=6.037928228617938
air=3.8219970390555265
automatic=6.493458326016418
registration=6.164055125019381
tests=5.130735511263454
panel=7.643994078111053
performed=5.699979977995424
homologated=8.495215771386011
tank=7.334710786777682
systems=2.671461286960892
super=6.022341253558331
yamaha=8.014383860882678
standards=3.8219970390555265
implementation=4.1246275269982755
gasoline=6.493458326016418
stroke=8.18392241188082
jaso=9.171545858199883
mixing=9.171545858199883
water=3.8219970390555265
honda=9.171545858199883
sintoil=10.454957945518645
biodegradable=9.171545858199883
lube=8.63534256370782
oil=3.98019975916882
cooled=9.15342958509752
balanced=6.037928228617938
cycle=4.702772134216829
suzuki=8.495215771386011
synthetic=6.141617443171132
motos=9.88216208495769
return=2.671461286960892
bh=7.381297314211917
passing=5.699979977995424
oils=6.850515730090058
lubes=7.334710786777682
automobile=5.699979977995424
