#Tue Mar 12 00:16:52 EDT 2019
hd=6.850515730090058
exceeds=7.334710786777682
engines=6.3586689089780215
requiring=5.470668068427022
multigrade=9.171545858199883
service=2.301071504189268
api=7.167035264102637
suspended=6.850515730090058
mercedes=8.014383860882678
granted=6.037928228617938
varnishing=8.495215771386011
requirements=3.8219970390555265
city=2.671461286960892
benz=8.495215771386011
monograde=9.15342958509752
vehicles=4.97253279115016
acea=8.014383860882678
sf=7.334710786777682
provides=2.9740917749036413
super=5.58928081789054
gasoline=6.493458326016418
rust=6.318573332578906
keeping=5.342922573921784
muddying=8.495215771386011
cf=6.318573332578906
vida=8.014383860882678
bee=7.643994078111053
cc=5.90142349360701
highly=4.257488194192317
accordingly=8.014383860882678
suplemento=8.014383860882678
types=3.4516072562839017
life=2.301071504189268
capable=5.342922573921784
meet=3.6471120456180146
motor=4.97253279115016
classification=6.022341253558331
return=2.671461286960892
soot=9.171545858199883
diesel=7.245269877675224
protection=3.4516072562839017
typical=5.58928081789054
oils=6.850515730090058
lubes=7.9030080601320725
sae=7.643667330072936
extra=5.699979977995424
heavy=5.699979977995424
automobile=5.699979977995424
