#Tue Mar 12 00:16:52 EDT 2019
en=2.7031818792243794
chile=5.767660816821175
la=2.7031818792243794
golfo=6.730642025172547
realizando=8.59608688525532
estadounidense=8.109545637673138
maxus=5.655647228938978
tareas=9.280447629681213
de=1.982571231315122
ypf=4.308041068656098
del=3.867378946815102
argelia=8.59608688525532
