#Tue Mar 12 00:16:52 EDT 2019
es=3.360302371713417
en=3.2409438414405494
el=3.174490148824209
mamore=10.131311242761921
km=6.4291110522836705
pozo=7.533908780842433
santa=5.3247132089570135
fines=5.3247132089570135
estribaciones=9.030257976435495
noroeste=7.2217193929123065
charagua=9.030257976435495
sierra=5.944913800858836
bpd=7.533908780842433
perforados=7.52623816779739
de=2.229755873552919
aumente=9.030257976435495
programas=6.221235560328129
otra=6.966505621291537
aproximadamente=5.944913800858836
las=3.918884687351422
realizando=9.045600334976811
lagunillas=9.765748218735661
planificado=8.533616483387496
caso=6.744983372572303
con=4.5562532077536515
tiene=6.964509041300839
cruz=6.744983372572303
relevamiento=9.030257976435495
chevron=6.744983372572303
un=4.221953656478369
cordillera=9.030257976435495
ubicada=8.364346770671434
andes=9.030257976435495
central=2.9282758204783206
caipipendi=9.030257976435495
ypf=4.9442151678512
superficie=7.890922087168878
parte=5.612171651063234
programa=5.386392296907756
cantidad=6.221235560328129
cual=6.744983372572303
ha=3.4392236765557467
maxus=6.490824104900824
respectivamente=6.744983372572303
inicial=7.890922087168878
contiguo=9.030257976435495
segundo=7.52623816779739
al=3.675228574983698
surubi=9.030257976435495
prospectos=8.364346770671434
bloque=7.634345743445767
exploratorio=7.809909028244682
bloques=8.364346770671434
se=4.0455029651288426
espera=6.563409406444526
ensayar=9.030257976435495
crudo=6.39342644628832
donde=6.41109548088082
ya=5.386392296907756
por=4.4257714613588774
para=4.313016283652101
del=4.479623319270544
operador=7.890922087168878
bolivia=6.39342644628832
yacimiento=6.549192049741047
montero=9.030257976435495
operadora=7.533908780842433
que=4.7030172093816205
semestre=7.890922087168878
la=3.131122330894263
una=5.268445829656084
los=3.8128040727096377
