#Tue Mar 12 00:16:52 EDT 2019
consorcio=7.523340736729285
siete=9.026781531838527
hay=6.963823674564202
bpd=7.531690659895394
los=3.397126844034404
ahora=7.523340736729285
representantes=9.026781531838527
cuatro=7.21893919466882
nuevos=5.712148891587296
ecuador=6.668109681273332
con=4.390559165777778
ducto=9.026781531838527
oriente=9.026781531838527
instalaciones=6.218840525678332
proyecto=7.292196551609816
iniciaron=7.887884261059522
proveniente=7.887884261059522
al=3.397126844034404
infraestructura=8.361126686791888
vincula=9.026781531838527
negociaciones=7.887884261059522
posibles=7.887884261059522
sido=6.390965122051149
tres=6.742386706888619
bloque=7.0805208912974456
bloques=8.361126686791888
internacional=6.066761244399475
anterior=6.218840525678332
de=2.224188318206814
ecuatoriano=8.361126686791888
dicha=8.361126686791888
del=4.478847227381169
sistema=6.546670759277892
transandino=9.026781531838527
gobierno=6.742386706888619
ypf=4.701844270199109
se=3.8118531539498255
tendido=9.026781531838527
derechos=8.361126686791888
procesamiento=6.963823674564202
oleoducto=7.807609647761862
yacimientos=7.345898086039145
hidrocarburos=6.742386706888619
para=4.837692622617223
una=4.42406763968242
incrementar=6.546670759277892
bruta=7.887884261059522
posee=6.742386706888619
integra=9.026781531838527
por=4.784829495647268
las=3.917376005591384
un=4.068416850142353
que=4.531985904629194
transporte=6.390965122051149
operador=7.887884261059522
maxus=6.172636726035116
la=3.1541794187010956
donde=5.712148891587296
obras=7.21893919466882
analiza=9.026781531838527
es=2.9271485006740474
capacidad=7.807609647761862
terminar=7.887884261059522
en=3.0655147766081052
mejorar=6.546670759277892
el=3.0655147766081052
descubiertos=9.026781531838527
km=5.942625143821975
desarrollar=8.361126686791888
limitada=9.026781531838527
desarrollan=9.026781531838527
