#Tue Mar 12 00:16:52 EDT 2019
es=2.8556890893777025
servicios=5.797549998425495
en=3.1904528076239194
afiliada=8.806413998719739
porcentaje=6.79381838100246
investiga=8.806413998719739
el=3.1210547137068256
barriles=6.386849268054857
reservas=6.163951719647799
millones=5.25287324568866
pozo=7.390261798275168
incrementar=6.386849268054857
fines=5.648603009040682
estructura=7.695320212621521
asociadas=7.04270585873921
zonas=7.695320212621521
quiriquire=10.522120051120114
objetivos=7.695320212621521
comprende=7.695320212621521
duplicar=8.806413998719739
facilitar=8.806413998719739
considera=7.04270585873921
cuatro=7.04270585873921
instalaciones=6.06702223466628
varios=7.339676156710646
bpd=7.879402263338186
de=2.274708748424069
aproximadamente=5.797549998425495
produce=4.6066468379405885
posee=6.5777872734483225
las=3.8217425305143506
fue=5.473055932633507
convencional=8.157009543204971
participa=6.79381838100246
tales=6.5777872734483225
factibilidad=7.695320212621521
ciudad=7.695320212621521
con=4.6720711842883915
estudios=8.157009543204971
mismo=7.155264871383396
tiene=6.864397278589209
acuerdo=6.5777872734483225
dicho=6.5777872734483225
ocho=8.806413998719739
produciendo=8.806413998719739
pozos=6.3072491454276784
considerable=5.797549998425495
ubicado=8.157009543204971
existentes=7.04270585873921
petrolera=7.660999624286285
asociada=8.157009543204971
mediante=6.23494481589583
venezuela=7.231226320611367
amoco=6.06702223466628
un=4.521806613197934
ubicada=8.157009543204971
equipo=7.339676156710646
virtud=7.695320212621521
procesamiento=6.79381838100246
guarapiche=9.579547362720497
nueve=7.695320212621521
empresa=5.358979238139798
perforaciones=6.23494481589583
varias=7.695320212621521
relevamientos=8.806413998719739
ypf=4.974001929914403
encargado=8.806413998719739
actual=3.9604204301925185
reactivar=8.806413998719739
potencial=7.879402263338186
enero=7.660999624286285
vigencia=7.04270585873921
adicionales=7.660999624286285
estatal=7.04270585873921
identificaron=8.806413998719739
maxus=6.52992851816826
reservorios=7.660999624286285
someros=8.806413998719739
rumbo=8.806413998719739
maturin=8.806413998719739
adjudicaron=8.806413998719739
este=4.5155483051452245
al=3.3141940224444473
oportuna=8.806413998719739
esta=5.648603009040682
celebrado=8.157009543204971
nuevas=5.918655609546841
primera=7.04270585873921
lagoven=8.806413998719739
realizada=8.157009543204971
dado=7.984041561123704
bloque=6.386849268054857
cercana=8.806413998719739
exploratorio=7.660999624286285
significativo=7.155264871383396
incluye=6.23494481589583
poco=8.806413998719739
gran=6.386849268054857
metros=8.806413998719739
se=3.751044622716653
profundo=9.232201427338223
viboral=8.806413998719739
petroleum=6.23494481589583
ya=5.25287324568866
profundidad=8.806413998719739
unidad=8.658547767391818
consorcio=7.339676156710646
para=4.575366935612061
evaluar=8.157009543204971
del=4.329273883695909
convenio=7.984041561123704
yacimiento=7.228712755135789
otros=5.572700279077237
operadora=6.79381838100246
noreste=9.579547362720497
que=4.8844330702949454
comprobada=8.806413998719739
tercera=7.695320212621521
una=4.884973653399865
la=3.2632247017874603
furrial=8.806413998719739
especial=8.157009543204971
british=3.9604204301925185
nombre=8.157009543204971
los=3.3141940224444473
