#Tue Mar 12 00:16:52 EDT 2019
valores=8.10828471746052
es=2.838631005465545
diversos=7.649353227487848
en=3.196232866329308
petroleras=6.753236398720785
el=3.183583802325845
puesto=7.649353227487848
pepe=9.928219403829422
pujante=8.753810040706895
condujo=8.753810040706895
embarcadas=8.753810040706895
proceso=6.753236398720785
mundial=8.10828471746052
internacionales=6.197701191492587
llamaron=8.753810040706895
gerencial=8.753810040706895
metas=8.10828471746052
ecuador=5.762919094548063
negocios=7.000637179780467
objetivos=7.649353227487848
profundamente=9.535472151788689
trabajado=8.753810040706895
culminaron=8.753810040706895
empresarial=9.535472151788689
factores=8.753810040706895
otras=5.762919094548063
nombrado=8.753810040706895
impacto=6.538495724629451
latinoamericanas=8.753810040706895
internacional=5.883301297198779
transmitir=8.753810040706895
de=2.259242904190754
programas=6.0307816737589945
arquitecto=8.753810040706895
las=3.798913853184361
impulsada=8.10828471746052
sino=6.753236398720785
fue=6.325552333841209
cargos=7.649353227487848
todos=6.348698262346977
plazo=5.632631732044788
con=3.9367633786329
largo=5.632631732044788
habia=8.753810040706895
accidente=8.753810040706895
ejecutivos=7.649353227487848
nuestros=7.000637179780467
fueron=6.197701191492587
estenssoro=9.167685276472753
elegido=8.10828471746052
nivel=7.000637179780467
petrolera=7.000637179780467
liderazgo=8.10828471746052
desde=5.762919094548063
corazones=8.753810040706895
logros=8.753810040706895
gobierno=6.538495724629451
un=4.241460914540652
equipo=7.295833564659943
quienes=8.753810040706895
compromiso=7.295833564659943
empresa=5.693833331500268
ypf=4.995693092976237
company=2.838631005465545
nueva=7.295833564659943
actual=3.9367633786329
cambios=6.538495724629451
llegar=8.753810040706895
supo=9.535472151788689
permanente=7.000637179780467
previamente=8.753810040706895
mayo=6.348698262346977
hughes=4.6647867213807075
estatal=7.000637179780467
rotundos=8.753810040706895
york=2.1962647463347107
impulso=8.10828471746052
ese=7.356259424753026
legado=8.753810040706895
argentino=6.538495724629451
inicial=7.649353227487848
acciones=6.915598487881995
ejemplo=8.10828471746052
presidente=7.415698972590421
pero=7.649353227487848
este=4.488575270095617
durante=5.883301297198779
esta=5.161705022612373
vigente=6.753236398720785
su=5.1418680117636715
ingeniero=8.753810040706895
viaje=8.753810040706895
argentina=4.488575270095617
interventor=8.753810040706895
organizar=8.753810040706895
sin=5.334706198981352
empleados=8.675588890635481
grabado=8.753810040706895
son=4.290283041460805
sus=5.3343227349297
gran=6.348698262346977
presencia=7.295833564659943
cada=7.1223437116941115
se=3.294397119502066
exterior=7.000637179780467
precedentes=8.753810040706895
gerenciales=8.10828471746052
oferta=7.000637179780467
sentimiento=8.753810040706895
innovador=8.753810040706895
como=5.161705022612373
recuerdo=8.753810040706895
donde=5.539412485482551
ya=5.221495896894568
volaba=8.753810040706895
bolsa=8.10828471746052
por=4.673379279982319
representante=8.753810040706895
para=4.861257266388499
uno=6.56929387732095
lo=5.3343227349297
alcanzar=8.10828471746052
rentable=7.295833564659943
claves=8.10828471746052
que=4.807325056535999
cotiza=8.753810040706895
lamentan=8.753810040706895
una=4.290283041460805
la=3.169367398003335
tool=4.290283041460805
amigo=8.753810040706895
conocieron=8.753810040706895
hasta=5.762919094548063
los=3.8304208821393537
procesos=7.649353227487848
