#Tue Mar 12 00:16:52 EDT 2019
ha=3.213621050450598
actividad=6.815857322219241
nuevos=6.229300267708481
programa=5.442990641980341
dada=7.297602719578297
movilizar=9.125144800281982
al=3.434144744436405
colocar=9.125144800281982
equipos=6.815857322219241
neuquina=6.460606357489914
esta=6.146975397921081
huincul=7.973837164016671
reparaciones=8.602016591590917
de=2.187217473383104
zona=9.118104184063748
desarrollo=6.1328696865679735
mercados=7.039707250019975
del=4.102234496582505
planea=9.125144800281982
pozos=6.59677996282803
ypf=4.235948536719321
se=3.923234271591972
empresa=5.104777885438936
golfo=6.618008691965691
menos=7.297602719578297
perforar=8.20446899316501
cuenca=6.969573360446144
proyectos=7.594295860201755
mas=3.9600629706268005
para=4.358335965262733
aproximadament=9.125144800281982
plaza=6.007380896491833
rivadavia=9.844024320802031
invertir=9.125144800281982
exterior=7.297602719578297
que=4.235948536719321
jorge=6.815857322219241
reservorios=7.297602719578297
secundaria=7.039707250019975
espera=6.1328696865679735
comodoro=9.844024320802031
la=3.1686661966225236
programado=7.605321272302051
realizar=7.605321272302051
workovers=9.844024320802031
san=3.8026606361510256
en=3.218452044121981
inyectores=7.973837164016671
proximidad=9.125144800281982
