#Tue Mar 12 00:16:52 EDT 2019
ha=3.1777568911241514
curso=7.520445535693215
los=3.6730651025280023
piletas=9.023307762916197
monitoreo=8.35790908127681
cursos=9.023307762916197
programa=5.821670450214393
fecha=6.544151409347012
gerenciamiento=9.023307762916197
han=6.739792039750381
hasta=5.940338248269129
producido=7.216161136228148
impacto=6.739792039750381
programas=6.21644733438697
realiza=8.35790908127681
participan=9.023307762916197
aplica=8.35790908127681
dictan=9.023307762916197
afectadas=9.023307762916197
de=2.218113511664702
del=4.4368343204264535
producida=8.35790908127681
perforados=7.520445535693215
reinyectar=9.023307762916197
pozos=5.709950690021286
ypf=4.808233531802146
todas=6.21644733438697
ambientales=7.520445535693215
cuestiones=7.88484877303842
emplazamientos=9.023307762916197
se=4.006860648719334
empresa=5.459927551842208
personal=2.263879687000935
sigue=8.35790908127681
sobre=6.06442657765301
ya=5.382246615061246
reinyecta=8.35790908127681
para=4.947155743130339
ambiente=7.520445535693215
evaluar=8.35790908127681
plantado=9.023307762916197
calidad=6.06442657765301
tierras=9.023307762916197
ambiental=7.520445535693215
grupos=9.023307762916197
dupont=6.06442657765301
por=4.7834211687081645
medio=6.21644733438697
las=4.566381903457024
evitar=8.35790908127681
participa=6.961143792019581
que=4.530651997570868
lodo=9.023307762916197
rellenaron=9.023307762916197
agua=7.529473844674919
la=3.064899556476459
actividades=6.544151409347012
derrames=9.023307762916197
donde=5.709950690021286
petroleras=6.961143792019581
programado=7.520445535693215
remediar=9.023307762916197
trabajo=6.961143792019581
dedican=9.023307762916197
accidentes=9.023307762916197
estudio=7.520445535693215
en=3.130037588922555
mejorar=6.544151409347012
el=3.153664483279274
operaciones=5.685728703940066
todo=6.544151409347012
