#Tue Mar 12 00:16:52 EDT 2019
monti=8.432546146843
rodriguez=9.10388691334431
norberto=9.10388691334431
miguel=7.023307586883604
juan=7.580792999357671
allegreta=9.10388691334431
leon=5.760941190143565
pourteau=9.10388691334431
corporation=4.226080494399095
recursos=7.587603957862693
de=2.203676668970335
oreste=9.10388691334431
desarrollo=6.118582587211861
bridger=9.10388691334431
legales=8.432546146843
ypf=4.226080494399095
guiscardo=9.10388691334431
nells=7.023307586883604
energy=3.4261445798031187
incluidos=7.95526135699092
carlos=6.118582587211861
relaciones=9.10388691334431
ejecutivo=7.587603957862693
allende=9.10388691334431
humanos=9.10388691334431
petazze=9.10388691334431
garacija=9.10388691334431
internacionales=6.445555764594985
lubricantes=6.2719609063549635
ambiental=7.587603957862693
enrique=9.10388691334431
locales=7.95526135699092
compras=7.023307586883604
finanzas=9.826521382676304
presidente=7.339737525698065
antonio=6.799979138638574
marcelo=9.10388691334431
eduardo=7.587603957862693
institucionales=9.10388691334431
maxus=5.988432955571983
la=2.6517537856636393
contratos=6.118582587211861
vicepresidente=9.201283629140105
noblia=9.10388691334431
asuntos=9.10388691334431
madanes=7.95526135699092
en=2.6517537856636393
viceresidente=9.10388691334431
operaciones=5.933119982905765
sintesis=9.10388691334431
olivieri=9.10388691334431
corporativo=9.10388691334431
roberto=7.023307586883604
cedric=9.10388691334431
foto=8.432546146843
