#Tue Mar 12 00:16:52 EDT 2019
aquellos=8.429273348735208
costos=6.764984114419343
los=4.059571767045026
rentabilidad=7.58465909453867
reduciendo=7.952173800295378
propios=7.952173800295378
nuevos=5.758705282139283
vapor=7.58465909453867
reducir=6.797339964364231
partir=6.797339964364231
con=4.417873931441794
al=3.4248148415126263
barril=7.277776553235055
excedente=9.100353557778304
equivalente=7.952173800295378
su=4.460125632002053
perfilaje=9.100353557778304
compra=7.277776553235055
operativos=6.600028850334148
de=2.2481536848619097
producida=8.429273348735208
norte=6.269526663905648
pozos=5.758705282139283
ductos=8.429273348735208
ypf=4.224440288937471
se=3.8319225797457994
calefaccionar=9.100353557778304
empresa=5.090909197406564
estructura=7.952173800295378
considerablemente=9.100353557778304
yacimientos=6.600028850334148
para=4.863163098312947
una=4.460125632002053
buena=8.429273348735208
por=4.8145971155519485
mendoza=7.58465909453867
vender=7.952173800295378
que=4.224440288937471
disminuyeron=8.584178160040734
la=3.0784916949867256
traceado=9.100353557778304
uso=5.991060011741348
punta=7.952173800295378
donde=5.758705282139283
sistemas=6.797339964364231
en=3.0317715727481893
reemplazaron=9.100353557778304
terceros=6.600028850334148
generadores=9.100353557778304
el=2.8613927200135776
redujeron=8.584178160040734
reemplazar=8.429273348735208
puede=7.277776553235055
