#Tue Mar 12 00:16:52 EDT 2019
es=2.865374660780415
significativamente=8.004854248113858
puede=7.066592433337563
en=3.1647754193288953
el=3.031438581775795
optimizar=9.252638708000456
reservas=6.18001982209708
avanzada=8.896260693209188
buenas=8.836282499427229
formaciones=8.184675474575862
incrementar=6.40851138976629
uso=5.817213408101085
monitoreo=8.184675474575862
estructurar=8.836282499427229
eficiencia=8.836282499427229
exitosas=8.836282499427229
acelerando=8.836282499427229
locaciones=8.836282499427229
punta=7.7214202434908925
disponer=8.836282499427229
mermas=8.184675474575862
incorporando=8.836282499427229
conocida=8.836282499427229
sismica=8.836282499427229
secundaria=6.816860809980819
de=2.274527052030815
programas=6.616862606964774
ubicaciones=8.836282499427229
las=4.168098329871757
aumentar=6.816860809980819
estaciones=6.60009699496031
costos=5.5916010714147815
costa=6.616862606964774
con=4.319344290954568
mejorar=7.421951845710613
desarrollo=6.455049853376213
mismo=6.60009699496031
perspectivas=8.184675474575862
pozos=6.077741381225809
realiza=8.184675474575862
definir=8.836282499427229
algunas=8.184675474575862
petrolera=7.066592433337563
interactivas=8.836282499427229
calidad=6.455049853376213
especiales=8.836282499427229
nuevos=5.5916010714147815
operaciones=5.595153008513341
capacidad=7.066592433337563
personal=2.216956462603252
tres=6.60009699496031
avanzadas=8.836282499427229
empresa=5.588185546967392
perforaciones=6.800003628313599
encuentra=7.066592433337563
ypf=4.750523537179139
mapeo=8.836282499427229
permite=7.7214202434908925
utilizan=8.896260693209188
trabajo=6.816860809980819
horizontal=6.816860809980819
programa=5.270689288436368
satelitales=8.836282499427229
permiten=8.392729512770012
modelado=8.836282499427229
maxus=6.087614186291699
reservorios=7.680970210109427
manejo=8.836282499427229
equilibrio=8.836282499427229
fortalezas=8.836282499427229
utiliza=8.896260693209188
al=3.3254346939048776
nuevas=5.938729770185534
su=4.895787496486794
argentina=4.530863580780295
perforar=7.364569958263847
prospectos=8.184675474575862
afuera=8.896260693209188
identificar=8.836282499427229
sus=5.724896628614559
se=4.005936629889303
tanto=6.087599606787876
como=5.210335105104951
exploratoria=8.184675474575862
donde=5.5916010714147815
sistemas=6.60009699496031
cortes=8.836282499427229
transversales=8.836282499427229
campos=8.836282499427229
por=4.330703177309086
para=5.159766434558511
claridad=8.836282499427229
del=3.6822849791319237
automatizado=8.836282499427229
actividades=6.9656748341284285
redujo=7.7214202434908925
yacimiento=6.40851138976629
otros=5.5916010714147815
propios=7.7214202434908925
que=4.6370805785915605
rendimiento=7.7214202434908925
muy=7.7214202434908925
yacimientos=6.40851138976629
una=4.707219555610722
aplica=8.184675474575862
la=3.236757997508395
exploratorios=7.066592433337563
estas=6.18001982209708
los=4.005936629889303
