#Tue Mar 12 00:16:52 EDT 2019
es=2.8589103295771174
marketing=3.8260534867444593
en=3.2428346483314576
porcentaje=6.801481862632099
petroleras=6.801481862632099
el=2.9053577550962535
barriles=6.3940536852606344
reservas=6.169298461922633
condensado=8.816347704349978
vida=7.704000595548526
declinantes=8.816347704349978
millones=5.949645602479797
fines=5.198580505519571
occidental=7.704000595548526
oportunidades=6.801481862632099
mmcfd=9.083497321423321
importantes=6.801481862632099
mismos=7.704000595548526
bpd=7.884553945368167
dos=5.578986329692841
mientras=7.050650087440161
de=2.278726676066795
sector=4.779955171773648
otra=6.801481862632099
estado=6.3940536852606344
las=4.5111557517982215
costos=5.578986329692841
concentradas=8.816347704349978
constituir=8.816347704349978
ventas=6.0671974580231245
fue=5.479229583627035
sumaban=7.704000595548526
relleno=8.166210715400265
predecibles=8.816347704349978
cuartas=8.816347704349978
vendidos=7.704000595548526
con=4.596258948503647
mejorar=6.953590486358581
moderadas=8.816347704349978
tiene=5.9253319005502565
adquirido=8.166210715400265
ascendieron=7.050650087440161
oklahoma=4.450742333021513
pozos=6.577972931531692
diarios=7.050650087440161
totalmente=7.3479553702898235
integrada=8.816347704349978
empresas=6.801481862632099
neta=5.80408968132813
larga=7.704000595548526
subsidiaria=7.3479553702898235
gas=4.568823026761002
utes=7.704000595548526
ulterior=8.816347704349978
alguna=8.166210715400265
un=4.259024112341563
convierten=8.816347704349978
operaciones=5.136000397032349
terminaron=8.166210715400265
capacidad=7.050650087440161
tres=6.5852070702557715
procesamiento=6.801481862632099
empresa=4.9320309733731955
adentra=8.816347704349978
central=2.8589103295771174
ypf=4.825434279071082
plantas=7.050650087440161
condados=8.816347704349978
unidos=7.66764493762125
significativos=7.3479553702898235
partes=8.166210715400265
medida=8.166210715400265
escala=8.166210715400265
promedio=7.3479553702898235
tuvo=8.166210715400265
maxus=6.334887150314236
pies=7.66764493762125
promedia=8.816347704349978
respectivamente=6.5852070702557715
texas=3.5058656858967625
terceros=6.3940536852606344
activos=6.5852070702557715
esta=5.198580505519571
lograr=7.704000595548526
midgard=7.3479553702898235
estos=5.80408968132813
tasas=7.3479553702898235
su=4.888572955922853
comprobadas=7.704000595548526
contra=6.801481862632099
trata=8.816347704349978
panhandle=8.166210715400265
territorio=8.166210715400265
posibles=7.704000595548526
ahorros=8.166210715400265
productora=7.704000595548526
explorando=8.816347704349978
plenamente=8.816347704349978
gran=6.3940536852606344
procesadoras=8.816347704349978
estados=6.605383393422378
se=3.8462820302129157
crear=8.166210715400265
miles=4.779955171773648
ganancia=7.050650087440161
espera=5.9253319005502565
opera=6.311999363266243
natural=4.133634359466942
terminados=8.166210715400265
productoras=8.166210715400265
por=4.320933041464556
para=4.764027005642722
reducir=6.5852070702557715
controlada=7.704000595548526
totales=7.704000595548526
ejercicio=6.241977883661086
forma=6.788206693969471
sistema=6.3940536852606344
del=4.156627233032949
incluyeron=8.816347704349978
netas=7.050650087440161
que=4.825434279071082
regiones=8.816347704349978
una=5.094649620207911
la=3.0278324404744397
los=3.8462820302129157
