#Tue Mar 12 00:16:52 EDT 2019
significativamente=7.454465531205273
servicios=6.382121873975427
en=3.08804780087
porcentaje=6.900070774941169
el=3.08804780087
usuarios=8.28458165990594
fines=5.273935025011293
fluvial=8.94414252145974
sobre=6.0112208346007865
importantes=6.900070774941169
capital=3.3660265898040307
ello=7.152850745654306
abastecimiento=8.94414252145974
centros=8.94414252145974
fin=6.16190784984776
transporte=6.3324566679372625
vende=7.8156717070038795
proveedora=8.28458165990594
especificaciones=7.8156717070038795
terminales=6.900070774941169
api=6.486736840315273
de=2.2518812927439558
distribuidores=8.28458165990594
ciudades=8.28458165990594
aproximadamente=5.888221183871753
las=4.472355142780455
ventas=6.371359915106756
institute=3.7272327656026367
directa=8.28458165990594
convertirse=8.94414252145974
con=4.35975297574584
ingresos=7.152850745654306
tiene=6.0112208346007865
dicho=6.680661033891759
downstream=7.454465531205273
independientes=8.28458165990594
empresas=7.478844841180774
industriales=7.8156717070038795
american=1.7783419737565676
comercializa=8.28458165990594
mejorando=8.28458165990594
calidad=6.0112208346007865
elaborados=8.94414252145974
operaciones=5.647497243899585
combustible=8.97948772258161
turbinas=8.94414252145974
empresa=5.423214403380248
ypf=4.921399055818711
comerciales=7.8156717070038795
redujeron=7.8156717070038795
abastecer=8.94414252145974
trabajo=6.900070774941169
mercado=6.16190784984776
naftas=7.152850745654306
errores=8.94414252145974
primera=7.152850745654306
estableciendo=8.28458165990594
su=4.383565876091193
mayoristas=8.798186207984292
controles=7.8156717070038795
exportaciones=6.900070774941169
aerocombustible=8.94414252145974
habilitada=8.94414252145974
productos=6.134600367028617
tiempo=7.8156717070038795
control=2.2440177265360206
mercados=6.900070774941169
aviones=8.94414252145974
buenos=6.900070774941169
sus=5.632518630950834
se=3.64836701209747
tanto=6.16190784984776
grandes=7.8156717070038795
incluyendo=6.486736840315273
aerocombustibles=8.94414252145974
como=5.273935025011293
crudo=6.3324566679372625
adecuarlas=8.94414252145974
petroleum=6.3324566679372625
por=4.751256922963986
para=4.80890825716595
aires=6.900070774941169
lo=5.003521801248658
forma=6.3324566679372625
del=4.195786253775921
aeropuertos=8.94414252145974
que=4.151926161743283
la=3.08804780087
representan=7.8156717070038795
los=4.02805349938388
cargo=5.888221183871753
