#Tue Mar 12 00:16:52 EDT 2019
es=2.879481491637193
mantener=6.85042162272089
estan=7.400827256185871
mezcla=8.879785341944924
servicios=6.3468669397353
en=3.186308573940817
el=2.9189790832042615
incrementar=6.440061814028974
proceso=7.437531593286982
internacionales=6.825704846673223
local=2.586478129673182
venden=8.224970321221155
grasas=8.224970321221155
imagen=8.424450580232804
transporte=6.286891757766117
competitividad=8.224970321221155
proveedora=8.224970321221155
aceites=7.759434389019547
servicio=6.825704846673223
terminales=6.85042162272089
internacional=5.967967362573994
de=2.2689607694558727
distribuidores=8.224970321221155
centralizar=8.879785341944924
las=4.584790703167324
estaciones=7.201031572612365
costos=5.619129677573231
ventas=6.494279235867614
fue=5.518655136280106
automotriz=8.224970321221155
planificado=7.759434389019547
con=4.33566963677203
mejorar=6.440061814028974
exigencias=8.879785341944924
base=3.993416990056946
terminal=6.117570116108062
tener=7.759434389019547
plata=6.85042162272089
lubricantes=7.349732812689915
realizaron=8.224970321221155
industrial=3.3418064952592594
ser=6.286891757766117
rubro=6.85042162272089
calidad=6.4794472882706735
nuevos=6.100712745200058
un=4.276733367617196
operaciones=5.616300386821869
lubricentros=8.879785341944924
reduciendo=7.759434389019547
aceite=7.400827256185871
normas=7.101382726403018
iso=7.201031572612365
empresa=5.393256487982091
ypf=4.952288916099944
parte=5.518655136280106
red=4.2411478027631375
clientes=7.437531593286982
agilizar=8.879785341944924
esperan=7.759434389019547
mercado=6.117570116108062
intenso=8.224970321221155
cambios=6.63259063469986
centro=8.224970321221155
completo=8.879785341944924
programa=5.296637979652319
elabora=8.879785341944924
consumidores=8.224970321221155
fuerza=8.879785341944924
ha=3.127212304343385
operativos=6.440061814028974
mejores=7.101382726403018
cumplimiento=7.400827256185871
terceros=6.440061814028974
este=4.553169957340418
octubre=7.400827256185871
primera=7.7100011199992124
tambores=8.879785341944924
enfoque=7.759434389019547
su=4.9114922869745135
envasado=8.879785341944924
argentina=4.553169957340418
orientado=7.400827256185871
organigrama=8.879785341944924
semiterminados=8.879785341944924
productos=6.341488762837938
otorgado=8.224970321221155
productor=7.759434389019547
importante=6.286891757766117
mercados=6.85042162272089
envases=8.224970321221155
embarcados=8.879785341944924
sus=4.967519182775545
agregando=8.879785341944924
presencia=7.400827256185871
se=3.7714075939279192
cambiar=8.879785341944924
como=5.909091349265909
operarios=8.879785341944924
automovilistas=8.224970321221155
para=4.901684013746673
permitiendo=8.879785341944924
incrementando=8.879785341944924
sistema=6.440061814028974
del=3.7004136280929356
satisfacen=8.879785341944924
que=4.651955484623269
cumplir=7.101382726403018
la=3.2417510845373148
facilmente=8.879785341944924
los=4.014892250633161
