#Tue Mar 12 00:16:52 EDT 2019
es=3.163049879297881
puso=8.351481293903898
en=3.0157072366826037
el=3.063669856729481
cabo=7.210611428881337
efluentes=9.754257506291657
emisiones=8.351481293903898
integridad=9.016368239748818
oportunidades=6.955790209953511
ambiente=8.129653143237736
metas=8.351481293903898
huincul=7.8787848004721
capital=3.393207919668288
ambiental=7.514661813426926
fin=6.211666473373555
vende=7.8787848004721
instalaciones=6.211666473373555
impacto=6.734608691888149
dos=5.705559358578415
de=2.2381505106532584
asegurar=7.8787848004721
las=4.618774392626947
terminar=7.8787848004721
fundamentales=9.016368239748818
funcionamiento=7.8787848004721
inversiones=6.383592506870829
medio=6.7200221545268395
plata=6.955790209953511
plaza=5.9357697334872945
tratamiento=10.121211745502054
posibilidades=8.351481293903898
busca=9.016368239748818
un=4.064826571618868
operaciones=5.682383692779208
lleven=9.016368239748818
refinadora=9.016368239748818
empresa=5.456715383349938
ypf=4.806110431015382
perjudicial=9.016368239748818
plantas=7.210611428881337
comienzos=7.210611428881337
gases=7.210611428881337
todas=6.211666473373555
modo=9.016368239748818
naftas=7.210611428881337
comercializadora=9.016368239748818
programa=5.378107309824283
ha=3.1753129849485378
estima=7.514661813426926
realizado=8.351481293903898
clauss=9.016368239748818
cuyo=6.955790209953511
nuevas=6.0597626307015995
sin=5.494713195421637
sus=5.66199649683226
significativas=7.514661813426926
proteger=9.016368239748818
agua=6.955790209953511
se=3.809003241468543
poliductos=8.351481293903898
seguro=8.351481293903898
neutralizar=9.016368239748818
unidad=7.514661813426926
para=5.083295568816258
reducir=6.734608691888149
del=3.757330906713463
que=4.806110431015382
napas=9.016368239748818
azufre=9.016368239748818
unidades=7.8787848004721
plomo=7.8787848004721
la=3.100064752952477
una=4.780607000458222
tipo=7.210611428881337
los=3.6709041756877894
permanentemente=9.016368239748818
