#Tue Mar 12 00:16:52 EDT 2019
en=3.0555079162739553
natural=3.6686369265377676
el=2.8913726394697186
cotizan=9.22567538040225
venta=6.890946770728432
nafta=7.1172628252147385
que=4.282615452486273
mundo=8.674117918409157
por=4.865041513739042
las=4.0036904895827305
millones=5.502955389806651
petroleras=7.1172628252147385
maxus=5.6222681795419875
gas=4.307844826146328
miles=5.001880169256537
la=2.687227977252914
reservas=6.387221295933719
principales=7.377999496938344
bolsa=8.545353662840812
anterior=6.355864903790682
de=2.185550605730412
argentina=5.267166481245335
incluyendo=6.690918466835645
comparativa=9.22567538040225
tabla=8.061683931758743
ventas=5.838008952851614
york=2.3146521920036225
siguiente=7.689108146509452
total=4.00576458528064
