#Tue Mar 12 00:16:52 EDT 2019
james=4.397699617464373
bosch=7.674011071305783
italo=9.207561353083516
mario=9.180789783459325
blanco=9.207561353083516
agustin=9.207561353083516
director=3.9958294977405378
schneider=6.51895731154552
madanes=8.045855327677888
miguel=7.103288531958722
luder=9.207561353083516
fiscalizadora=7.674011071305783
leon=5.826546393277535
ejecutivo=7.674011071305783
vega=8.528575403980136
directorio=7.674011071305783
roberto=7.103288531958722
presidente=6.877416834663038
perkins=5.363903551785258
patricio=8.528575403980136
priani=9.207561353083516
daniel=4.992059295413152
la=2.681951775892629
dormal=8.045855327677888
cameron=8.045855327677888
lesch=9.207561353083516
vicepresidente=7.674011071305783
domeniconi=9.207561353083516
ernst=9.207561353083516
bayless=9.207561353083516
de=1.830716895536998
manning=8.528575403980136
nells=7.103288531958722
suplente=8.528575403980136
carlos=6.661501701589518
