#Tue Mar 12 00:16:52 EDT 2019
hd=6.757996760145865
motores=8.454452705652969
nafta=6.9799464013017465
excelente=7.540758863970898
los=3.8175657919860706
ciudad=7.906146383769916
ligeros=9.047680442948083
api=6.561827688663975
barnices=9.047680442948083
normalmente=9.047680442948083
gnc=9.047680442948083
con=4.398328857969936
satisfacer=7.540758863970898
genemax=8.380484465950126
aceites=7.906146383769916
contra=6.9799464013017465
monogrado=9.047680442948083
necesidades=9.047680442948083
de=2.180101782509661
del=4.07561646764925
sj=7.52374737048464
sf=7.2356525678686205
energy=3.40499191218643
aspirados=9.047680442948083
super=5.513795332654923
desarrollado=9.780149736253277
alta=7.54501901191262
performance=3.770379431985449
herrumbre=9.047680442948083
gama=9.047680442948083
asegura=7.906146383769916
lubricante=8.1512329352985
lubricantes=6.233238458639516
equipados=9.047680442948083
para=5.032703957983964
una=4.434310293281411
ir=5.061442864802813
cumple=8.380484465950126
nafteros=8.380484465950126
cf=6.233238458639516
las=3.9264455607406696
cubrir=7.540758863970898
cc=5.821722396004274
ultra=6.405761559908753
automotrices=7.906146383769916
que=4.540005870690154
emplean=9.047680442948083
caso=6.757996760145865
la=2.8487336600647453
suplemento=7.906146383769916
carter=4.905376736047591
requerimientos=8.380484465950126
automotores=8.380484465950126
requisitos=7.540758863970898
turboalimentados=9.047680442948083
es=2.933925469420249
en=2.6353821279233047
el=2.8487336600647453
primer=6.080807081614258
diesel=6.924350127713995
deportivos=9.047680442948083
conserving=8.380484465950126
sae=7.870479099359408
especialmente=7.8214262759928355
servicio=6.405761559908753
lodos=9.047680442948083
