#Tue Mar 12 00:16:52 EDT 2019
balance=4.147338844063423
resultados=6.529213067487294
el=2.6861710768554454
los=3.470612741329209
cubierta=9.222046875467425
notas=7.686083981263699
generales=7.936119298346423
consolidados=7.686083981263699
estados=7.225308938663025
infome=9.222046875467425
por=4.5197680933660624
memoria=9.222046875467425
contables=6.888236526401353
sobre=6.197996083187123
fiscalizadora=7.686083981263699
neto=6.888236526401353
del=4.279604363127415
anexos=9.222046875467425
gas=4.002115817799911
origen=7.686083981263699
cuadros=9.222046875467425
la=2.6861710768554454
informe=8.541992731889207
petroleo=7.686083981263699
balances=6.529213067487294
de=2.157511521220225
patrimonio=7.375097692302919
fondos=7.375097692302919
auditor=8.67152206428708
