#Tue Mar 12 00:16:52 EDT 2019
mantener=7.505174726523204
en=3.124084917256805
el=3.213419629075449
usuarios=9.011100744002707
anima=8.322678177800423
mandato=9.728502009901993
ambiente=8.108187311313078
enfrentar=8.985272019557229
competitividad=9.011100744002707
formar=9.728502009901993
asesoramiento=9.011100744002707
cliente=9.284709592427378
servicio=6.887783515729416
internacional=6.787087989286822
de=2.2728930037119746
caracterizado=9.728502009901993
las=4.484180397528051
etapa=8.501069580218632
con=4.541524918417043
individual=2.833689860072877
desarrollo=6.944559779247463
nuestros=7.185743016817154
medio=6.7022783635486185
lubricantes=7.389124350496269
nivel=7.780122319011295
norma=8.108187311313078
profesional=9.011100744002707
llegada=9.728502009901993
liderazgo=9.011100744002707
especializado=9.728502009901993
calidad=6.538376801472764
desde=6.802462449800231
competitivo=9.728502009901993
un=4.305945741155981
operaciones=5.667379720145754
mismas=7.780122319011295
iso=7.266523776846376
necesidad=9.728502009901993
ypf=4.516030677347923
allegretta=8.985272019557229
parte=6.046119981262715
nueva=8.939110113099934
comerciales=8.501069580218632
recibimos=9.728502009901993
clientes=7.505174726523204
mercado=6.190243285757815
altamente=8.501069580218632
productivas=8.501069580218632
ha=3.6389463062586556
asegura=8.501069580218632
esencial=9.728502009901993
competir=8.322678177800423
vicepresidente=7.488744773194976
cuerpo=9.728502009901993
al=3.8886564833685693
esta=5.9546408374315565
dentro=8.108187311313078
reconocimiento=9.011100744002707
enfoque=8.501069580218632
llevado=9.011100744002707
su=5.359626927510244
creado=9.728502009901993
orientado=8.108187311313078
productos=6.643834416773182
integradas=9.728502009901993
conjunto=9.011100744002707
alta=7.505174726523204
antonio=6.711381948124081
como=5.7364344729315855
septiembre=8.501069580218632
terminados=8.322678177800423
por=5.064185148141586
del=4.427805454135005
negocio=8.501069580218632
nos=6.116296794052717
que=4.79657963375464
propuesto=9.011100744002707
la=3.253720072608484
una=5.064185148141586
comercial=9.029180740099374
elevado=9.011100744002707
hasta=6.802462449800231
los=3.8886564833685693
hemos=9.728502009901993
