#Tue Mar 12 00:16:52 EDT 2019
comprometemos=8.846283741409394
servicios=6.32846770403873
en=3.0716053074539804
el=3.1661672739876616
obstante=8.19393920284304
proceso=6.824576393375055
mundial=8.19393920284304
clara=6.824576393375055
parque=8.846283741409394
europeo=8.846283741409394
ventajas=8.846283741409394
sostiene=8.846283741409394
entre=6.094489784502539
satisface=8.19393920284304
acrecentar=8.846283741409394
otro=6.824576393375055
siempre=7.730159641796249
especificaciones=7.730159641796249
ventaja=8.846283741409394
cliente=7.730159641796249
integral=7.372905459788607
crecimiento=6.6075672367907
logro=8.846283741409394
internacional=5.945451451333931
incrementado=8.19393920284304
de=2.2345142392981
mundo=7.730159641796249
cumplan=8.846283741409394
las=4.5192197176848214
calificador=8.846283741409394
con=4.74243361303261
constructores=8.846283741409394
desarrollo=5.945451451333931
nuestros=7.994563709515586
lubricantes=6.622617188674144
avance=8.846283741409394
alcance=8.19393920284304
creativo=8.846283741409394
activamente=8.846283741409394
norma=8.011815944400839
usted=8.19393920284304
profesional=8.19393920284304
materiales=6.824576393375055
nosotros=8.846283741409394
calidad=7.157689056109707
posiciona=8.846283741409394
un=4.165835533882445
continuo=8.903997631711286
normas=7.074590672520129
iso=7.466808990747416
personal=2.4117969190035993
compromiso=8.011815944400839
empresa=4.948777756389051
primeras=8.846283741409394
ypf=4.753635611314862
realizamos=8.846283741409394
plantas=7.074590672520129
integrantes=8.846283741409394
permite=7.730159641796249
clientes=7.900049489941135
trabajo=7.415970577736326
acea=7.730159641796249
ensayos=8.846283741409394
adecuadas=8.846283741409394
permanente=7.074590672520129
almacenamiento=7.074590672520129
ha=3.115413976638882
asegura=7.730159641796249
requisitos=7.372905459788607
paso=7.730159641796249
mejores=7.074590672520129
obtengan=8.846283741409394
esta=5.668253015087417
estilo=8.846283741409394
reconocimiento=8.19393920284304
producir=7.730159641796249
su=4.711313350686381
bajo=6.6075672367907
conocen=8.846283741409394
especialidad=8.846283741409394
todo=6.971732772365153
certificadas=8.846283741409394
significativo=6.6075672367907
productos=6.325879329439134
son=4.711313350686381
sus=4.948777756389051
cada=6.6075672367907
se=3.617695378505399
nuestro=9.996646058669633
automotor=8.846283741409394
ente=7.730159641796249
compra=7.074590672520129
exigentes=7.730159641796249
excelencia=8.846283741409394
ya=5.276654855855684
dimos=8.846283741409394
mejoramiento=8.846283741409394
por=4.3356048325506436
para=5.036629519968183
establecidos=8.19393920284304
nuestra=8.846283741409394
satisfacer=7.372905459788607
uno=6.094489784502539
sistema=6.971732772365153
del=4.005907972200419
empresaria=8.846283741409394
nos=5.600019025397238
seguidas=8.846283741409394
que=4.983664269411455
pueden=7.372905459788607
una=4.3356048325506436
la=3.207891302316361
asistencia=7.372905459788607
los=3.919042388354811
perfeccionamiento=8.846283741409394
procesos=7.730159641796249
