#Tue Mar 12 00:16:52 EDT 2019
lubricantes=6.902767877313228
automotrices=8.16122851316882
industriales=8.16122851316882
