#Tue Mar 12 00:16:52 EDT 2019
mitsubishi=7.297602719578297
orgullo=9.125144800281982
como=5.380663451531457
scania=7.973837164016671
argentina=5.34535810088401
los=3.704686898156596
siguientes=7.297602719578297
volkswagen=9.125144800281982
nissan=8.45223643015743
api=6.618008691965691
con=4.103760043617717
cumplen=9.125144800281982
llena=9.125144800281982
marcas=9.125144800281982
elegidos=9.125144800281982
utilizar=9.125144800281982
sido=6.460606357489914
sus=5.104777885438936
de=2.0727264006724524
son=4.472275935332337
sj=6.618008691965691
acea=7.973837164016671
kawasaki=7.973837164016671
circulan=9.125144800281982
europa=4.57885965924854
lubricante=7.605321272302051
lubricantes=6.781865404191094
llenado=9.125144800281982
mas=3.9600629706268005
ser=6.460606357489914
para=4.87171296263126
mondial=9.125144800281982
nuestros=7.297602719578297
calidad=6.1328696865679735
lo=5.104777885438936
uu=6.460606357489914
por=4.9990741467102495
cf=6.286606149325784
las=4.272036997544754
seat=7.039707250019975
que=4.569656847071864
normas=7.297602719578297
la=2.6579457213388897
exigentes=7.973837164016671
ford=3.9600629706268005
utilizados=7.605321272302051
todos=6.618008691965691
nos=5.3158914426777795
haber=7.605321272302051
en=2.971030395045825
el=2.867338863863639
primer=6.1328696865679735
apropiados=9.125144800281982
recomendado=8.45223643015743
juki=9.125144800281982
ee=6.286606149325784
