#Tue Mar 12 00:16:52 EDT 2019
mystic=7.842243151389011
atlas=6.584695134466228
home=1.1389526790838287
mug=9.806179791543888
csinet=9.079210887205656
coffee=7.0042709574479165
onte=9.806179791543888
print=5.079081589238085
resource=4.838188421990479
agreement=3.610394572887532
cups=8.172927597416603
guy=6.78154783950618
images=5.028184973371993
soooo=9.079210887205656
conspiracy=6.101998208990704
patch=7.0042709574479165
dr=3.783518903395801
hold=4.449763510755738
edge=5.564651505579287
mysticoz=9.806179791543888
hand=4.552089183013655
com=1.1389526790838287
licensing=6.254960797199503
rain=6.309778165979725
message=5.642595160422351
aubaine=9.079210887205656
web=4.214625730765005
printed=6.584695134466228
aol=5.842010633928653
palace=7.0042709574479165
produced=4.555810716335315
graphics=5.642595160422351
send=1.805197286443766
cafe=6.101998208990704
cards=7.5651002240970096
larry=6.101998208990704
imprinting=9.079210887205656
company=2.9441499655275947
left=4.0864637987083015
card=5.289132448623944
please=3.1974444096166814
facing=5.002641696060447
net=4.083102644611423
means=3.1974444096166814
name=3.416858037251486
comments=1.805197286443766
page=1.230148179606176
nussbaum=9.079210887205656
shipping=6.205352243144901
available=2.644566224311972
am=3.610394572887532
games=5.977141101074308
idea=4.449763510755738
pumpkin=8.568946857306376
contacts=6.101998208990704
associated=4.214625730765005
owner=5.415591859331298
koanhead=9.079210887205656
image=3.416858037251486
march=4.0864637987083015
monique=9.079210887205656
reproduce=7.260868239597629
cost=3.416858037251486
aditional=9.079210887205656
quick=5.533010469338873
runs=6.428085127707773
run=3.783518903395801
mugs=10.775775437633014
oit=6.78154783950618
walrus=8.172927597416603
links=5.415591859331298
disclaimer=5.079081589238085
price=1.805197286443766
nice=6.78154783950618
burger=7.9336986729359165
