#Tue Mar 12 00:16:52 EDT 2019
comercializan=9.146502195358924
parte=5.684415712278811
los=3.442182357829243
brinda=8.472018883660747
cambios=6.831809831555225
iso=6.831809831555225
con=4.113364891153923
lubricentro=9.146502195358924
bajo=6.831809831555225
su=4.482743294057542
estas=5.885309169747039
gran=6.633498136719771
esta=5.393256890608376
productos=5.7879081478644165
sus=5.516759046804165
estaciones=7.365931170352232
de=2.1496154722549425
ellas=8.472018883660747
sistema=6.633498136719771
aceite=8.219108818133591
ypf=4.5778108149232075
todas=6.301319946658636
se=3.442182357829243
eficiente=8.472018883660747
sobre=6.147223663816355
lubricantes=6.301319946658636
mas=3.9693314952633227
para=4.368536647567006
una=4.8332110191171935
protegiendo=9.146502195358924
mayor=5.039719180891686
calidad=6.147223663816355
lo=5.116725614539737
certificado=8.472018883660747
las=4.279659900861893
un=4.109554409066796
que=4.845693799968887
le=3.637153305202189
normas=7.314682753682719
tienen=7.623121521465725
entrega=7.314682753682719
red=4.368536647567006
realizar=7.623121521465725
mediante=6.47572740218931
produce=4.784547424478603
forma=6.47572740218931
tranquilidad=9.146502195358924
en=2.9755142921592643
el=2.872455263124523
cuenta=7.314682753682719
fue=5.684415712278811
todo=6.633498136719771
servicio=6.982009672191318
