#Tue Mar 12 00:16:52 EDT 2019
pc=5.617847385062181
hecho=8.538634443640605
en=2.9905588574508832
el=2.6851150074997014
para=4.4028864901566465
los=3.469248268383553
consultar=9.218421223629264
pantalla=9.218421223629264
haga=8.538634443640605
que=4.27924802813957
puede=7.372198169359065
por=4.517991144526281
las=4.000542384182919
elegir=9.218421223629264
lubricantes=6.350867281552859
kb=5.729112323680619
entre=6.350867281552859
regalos=9.218421223629264
le=3.6657522740531587
internet=4.000542384182919
su=4.862130518079027
click=2.3128321789223687
usted=8.538634443640605
brinda=8.538634443640605
maldonado=9.218421223629264
ypf=4.27924802813957
de=1.9724879302812652
colores=8.538634443640605
guillermo=9.218421223629264
copiar=9.218421223629264
bmp=9.218421223629264
estos=6.068787812872189
fondos=7.372198169359065
