#Tue Mar 12 00:16:52 EDT 2019
adecuada=9.17872639951812
mismo=6.855879101980869
sobrepase=9.17872639951812
de=2.168286184090426
del=4.26665744398948
alejadas=9.17872639951812
aceite=8.53331488797896
especificado=9.17872639951812
va=5.704442578126081
lubricante=7.649978676145327
control=2.3028730477095762
mas=3.9833159174770727
importante=6.498542152290538
para=4.722716146251497
una=5.017978525260882
mayor=5.057474704951198
zonas=8.020658442653627
valor=7.000747579415522
por=4.498536526488436
medio=6.323520238758995
las=3.9833159174770727
indica=8.501866803698002
un=4.120583389670562
que=4.2608214457905715
fabricante=9.17872639951812
la=2.9822655721256335
cada=6.855879101980869
fin=6.323520238758995
asegurar=8.020658442653627
cantidad=6.323520238758995
es=3.320104824999095
necesario=8.020658442653627
motor=5.361002589596165
en=2.673552814217875
necesariamente=9.17872639951812
el=2.9822655721256335
lubricar=8.501866803698002
mejor=8.501866803698002
