#Tue Mar 12 00:16:52 EDT 2019
jaime=8.32586870911193
gabriel=7.188497699576936
yarola=8.988716558815911
digneo=8.988716558815911
hoy=8.988716558815911
goles=8.988716558815911
garcia=5.7837821341910685
promo=8.988716558815911
raffetto=8.988716558815911
carlos=6.0411783605899805
pereyra=8.988716558815911
omar=8.988716558815911
controle=8.988716558815911
sanchez=8.988716558815911
silvana=9.731357013134701
moriello=8.988716558815911
de=2.008371637576742
claudia=10.101073037486994
cy=6.9344579743562615
con=4.376385794935241
yopolo=8.988716558815911
cw=6.713954782708275
internos=8.32586870911193
cu=7.507377254526432
lorenzo=7.4916156128660925
mismo=6.713954782708275
cq=8.32586870911193
bonin=8.988716558815911
ck=8.988716558815911
cj=7.4916156128660925
aasad=8.988716558815911
ci=6.713954782708275
tamier=8.988716558815911
ch=6.913287095135239
matilde=8.988716558815911
cd=5.9175657286821215
ca=5.476494113563224
equipo=7.4916156128660925
dni=11.26817177165007
mega=6.9344579743562615
ypf=4.172617704995146
esperando=8.988716558815911
luis=7.188497699576936
rego=8.988716558815911
bm=5.9175657286821215
estamos=8.32586870911193
bk=8.32586870911193
bj=8.988716558815911
bg=9.57300583705075
thelma=8.988716558815911
tadeo=8.988716558815911
marcela=8.988716558815911
agote=8.988716558815911
ganadores=9.731357013134701
ba=5.276045347027124
coincide=7.188497699576936
gonzalez=5.477861836641967
series=3.9008568496279508
hb=7.188497699576936
ha=3.1655748354866695
figueredo=8.988716558815911
patricia=7.4916156128660925
ao=7.782405535312124
berea=8.32586870911193
al=3.6622858348349925
ak=6.9344579743562615
lidia=8.988716558815911
aj=8.988716558815911
estos=6.406470198241756
ah=7.4916156128660925
paula=8.32586870911193
ag=6.649866333912089
af=7.057663928309018
su=4.405411819248441
silvia=8.988716558815911
ae=7.79259931226309
karina=8.32586870911193
ad=4.0424055360013345
ac=6.364015105137445
ab=6.838097943622126
aa=7.495558880936335
quedan=8.988716558815911
si=5.586354274979628
son=4.405411819248441
ganador=8.988716558815911
delia=8.988716558815911
ali=6.9344579743562615
granovsky=8.988716558815911
ochoa=8.988716558815911
mabel=8.988716558815911
la=2.618207298704399
doly=8.988716558815911
lado=8.32586870911193
sticker=10.472827985216442
estas=5.7837821341910685
los=3.6622858348349925
