#Tue Mar 12 00:16:52 EDT 2019
august=4.279659900861893
th=2.9659707718775086
sharing=6.225426150735902
argentina=4.689930826811504
communicate=6.021441167314066
request=4.689930826811504
contract=5.562624331832445
agreement=3.637153305202189
service=2.2947882385528287
production=4.256998546004605
ecuador=6.976163189122566
continue=3.9693314952633227
aires=7.0561836799567415
legal=2.9659707718775086
block=4.948396583769089
fulfills=8.472018883660747
manifest=6.021441167314066
renegotiate=9.146502195358924
celebrate=7.992499924369344
protecting=5.57401882536596
ypf=4.919060196455299
alfredo=9.146502195358924
republic=3.442182357829243
result=3.2211425282905917
energy=3.442182357829243
existing=4.368536647567006
established=4.113364891153923
parties=4.109554409066796
people=1.8185766526010945
successful=5.056596789981568
minister=3.9693314952633227
signature=6.831809831555225
mining=6.831809831555225
january=4.113364891153923
nyse=7.623121521465725
culminated=8.472018883660747
ecuadorian=9.861589722434124
negotiation=7.623121521465725
reach=4.482743294057542
intensely=9.146502195358924
maxus=5.57401882536596
desire=4.958954880009276
december=4.279659900861893
expressed=4.689930826811504
investing=6.633498136719771
willingness=7.0561836799567415
time=1.8185766526010945
completion=6.301319946658636
government=2.031104487609496
buenos=7.0561836799567415
negotiations=6.1288320244099594
achievement=5.7879081478644165
framework=5.455729957803284
petroecuador=9.861589722434124
objectives=4.113364891153923
