#Tue Mar 12 00:16:52 EDT 2019
natural=3.710980456269619
crude=8.643984419750618
operations=3.710980456269619
gas=4.049901218711156
oil=4.049901218711156
