#Tue Mar 12 00:16:52 EDT 2019
assets=5.393256890608376
argentina=4.689930826811504
refinery=8.472018883660747
main=3.2211425282905917
service=2.2947882385528287
chile=5.684415712278811
pedrals=8.472018883660747
ensenada=7.314682753682719
transportes=7.314682753682719
petroleros=7.623121521465725
oiltanking=7.992499924369344
huincul=7.992499924369344
de=1.8185766526010945
del=4.109554409066796
plant=4.874047048037651
trasandino=7.992499924369344
norte=6.301319946658636
ypf=4.245862771331962
monobuoy=9.146502195358924
pipeline=6.865618533075613
refinor=9.146502195358924
cuyo=7.0561836799567415
ebytem=7.992499924369344
oleoducto=7.314682753682719
fleet=6.831809831555225
terminales=7.0561836799567415
plata=7.607846909300191
estenssoro=7.992499924369344
plaza=6.021441167314066
oleoductos=7.623121521465725
storage=6.345431639558819
petrochemical=7.992499924369344
product=4.245862771331962
valle=7.314682753682719
shipment=9.146502195358924
ship=6.021441167314066
la=2.872455263124523
oil=4.53009577852767
stations=6.301319946658636
petroken=6.831809831555225
transportation=4.8332110191171935
blanca=7.314682753682719
oldelval=9.146502195358924
tmp=7.0561836799567415
peru=6.021441167314066
refinerias=9.146502195358924
olivia=7.992499924369344
tanker=9.146502195358924
hydrocarbon=8.472018883660747
