#Tue Mar 12 00:16:52 EDT 2019
welcome=5.399575742248491
looks=2.969445764754085
don=4.118184194779923
netscape=7.126209812188897
computer=3.8160264643796316
tip=6.0284960126825835
separate=4.48799536908204
apple=7.2064186800736785
top=3.446215290077513
com=1.2824519960153038
download=6.308702703810287
microsoft=6.730215114559357
author=4.250837312222652
companies=3.641414669456494
stories=5.86470869967332
rights=1.820707334728247
eliminate=5.794689381103399
company=2.969445764754085
quiz=7.323252787718277
rumors=6.641270080728946
arial=9.157218427047997
mention=8.705885892501286
copyright=1.1487384300258379
news=3.776160256489172
list=3.973982046375152
custom=6.8398141216594555
heard=5.8922045200435536
macintosh=7.323252787718277
windows=6.0284960126825835
text=4.118184194779923
searches=7.893598393951237
times=2.6672880343537932
radio=3.8160264643796316
title=1.820707334728247
free=2.2974768600516757
desk=8.001864103061381
tips=6.154425878566758
ibm=5.259800219095272
cnet=6.8000336700419295
terms=3.2249164856897603
poll=6.8398141216594555
archives=6.0284960126825835
installed=7.632052928759263
story=3.8160264643796316
combine=6.0284960126825835
fonts=9.157218427047997
system=1.820707334728247
search=5.121255679522288
complex=4.283481563201872
commas=9.157218427047997
reserved=1.820707334728247
thousands=5.399575742248491
