#Tue Mar 12 00:16:52 EDT 2019
pick=6.622558566179664
switch=5.958940564328009
automatically=5.9032647052562215
marketing=3.8477549791485814
declare=7.389633197901652
log=7.4365573727751295
choose=5.386991683652302
damages=5.837010655530026
charged=4.724760030768652
pay=3.694816598950826
negotiate=6.430320953338034
janet=7.74769792256836
retain=6.430320953338034
agreement=3.829268185031482
screen=6.728529574238294
files=4.63800168806228
cnet=6.108317037490361
supreme=4.546283098869586
bill=3.525751063300908
stephen=6.622558566179664
begins=5.288626594951362
switching=8.86635429819424
heat=5.403292396909518
dilorenzo=10.01143180856719
experts=5.165131948378906
start=1.762875531650454
filed=5.609776494798717
date=4.178992067481834
violates=6.983880314881193
pt=5.958940564328009
plan=3.5740836305671193
law=1.2558962691241184
immediately=4.449002499045491
attorneys=5.4278933697917475
execs=8.86635429819424
applauded=7.74769792256836
implemented=5.743902277547223
wexler=8.86635429819424
comment=5.6106305107990355
trade=3.525751063300908
engaging=7.389633197901652
cycle=4.546283098869586
fire=4.831998464681869
effect=2.582565974189453
alike=7.74769792256836
resident=6.622558566179664
isps=7.389633197901652
represented=5.228067013155601
aol=7.248396753034877
running=5.288626594951362
happen=5.228067013155601
policy=2.8048882473993584
critics=5.705048240174938
splash=8.212529712357496
switched=7.389633197901652
claiming=5.837010655530026
resolved=5.837010655530026
current=2.57259805349194
court=3.391283668299858
shifts=7.74769792256836
appease=8.86635429819424
reserved=1.762875531650454
subscribers=7.701045186138681
replace=5.51030794141829
additional=3.9873767811731997
subscriber=8.748302494630533
territory=5.6106305107990355
allow=4.178992067481834
time=1.762875531650454
hours=4.234732890746858
month=4.502341029605571
apparently=6.3394944219302864
slated=7.74769792256836
resolve=5.6106305107990355
rate=3.525751063300908
washington=2.8048882473993584
difficult=4.1158163883942285
options=4.960005603909955
agreed=4.546283098869586
action=3.3367518742841185
access=3.525751063300908
york=2.511792538248237
provides=2.8751261564118265
scrutinizes=8.86635429819424
scheme=6.840060075793536
th=2.8751261564118265
prices=5.037267801201949
practices=4.012887863569826
doesn=5.705048240174938
friday=6.430320953338034
hour=4.8853577976359395
copyright=1.1122506247613728
suits=6.108317037490361
argues=4.960005603909955
negotiating=7.0906415903940045
draw=5.958940564328009
users=5.927510210083134
sends=6.277382573140279
move=4.234732890746858
suit=6.68042896621426
upgraded=7.74769792256836
know=4.1158163883942285
priced=7.74769792256836
november=3.9873767811731997
mention=7.389633197901652
complaints=6.840060075793536
billing=7.477852931847469
online=5.609776494798717
legal=3.1226337086862084
bragar=8.86635429819424
kornblum=8.86635429819424
america=2.8751261564118265
opening=5.165131948378906
december=4.344687263136592
relents=8.86635429819424
comes=4.807067223712199
seeks=5.705048240174938
cost=3.3367518742841185
choice=3.8477549791485814
class=3.3367518742841185
laws=3.3367518742841185
select=5.958940564328009
getting=4.63800168806228
flat=6.622558566179664
shock=7.0906415903940045
pricing=7.619138419197671
provide=2.8751261564118265
theoretically=7.74769792256836
characterizing=7.0906415903940045
unlimited=6.63415643243084
sticker=8.212529712357496
lot=5.6106305107990355
service=2.511792538248237
deceptive=8.34399420133526
continuing=4.546283098869586
rights=1.762875531650454
