#Tue Mar 12 00:16:52 EDT 2019
home=1.2899657499242487
instruction=5.638347271893592
drew=5.537529104614792
engine=6.138492391880935
related=2.595323963506298
usually=4.255652657180627
intelliquest=8.910154477762248
transaction=6.873850272925263
banking=5.190647927012596
wisdom=5.988377992381817
estimates=6.65527429630308
employees=4.255652657180627
bookmarks=8.910154477762248
alex=7.426138310389175
cnet=6.138492391880935
survey=4.773440496061349
email=5.190647927012596
conducted=4.660913620062925
students=4.007074597563896
findings=4.8308143468828755
looking=3.8667630577062733
follows=4.984508249394563
backdrop=7.125669671211269
pt=5.988377992381817
obtain=4.568741937012119
described=4.48706933682938
cyberspace=7.785971890518895
map=5.190647927012596
search=4.255652657180627
exploit=8.910154477762248
percent=5.763586280768557
avid=7.125669671211269
downloaded=6.873850272925263
incomes=6.65527429630308
worldwide=4.909491679679657
population=3.353235575064866
covers=5.056189625686796
larger=5.190647927012596
interviewed=6.873850272925263
web=4.136148702084573
compared=3.543168428374637
confirmed=5.865845744480246
printed=6.462087021212572
sought=5.988377992381817
projects=4.470980766753155
entertainment=6.726008059368276
unemployed=7.426138310389175
tracking=6.462087021212572
included=3.8667630577062733
business=1.9218896073742637
accessed=7.45704398153153
user=4.850309345488756
april=3.543168428374637
concerning=3.353235575064866
readers=6.138492391880935
reserved=1.7715842141873186
went=4.984508249394563
time=1.7715842141873186
attempted=5.988377992381817
hours=4.616712290012153
consider=4.470980766753155
adult=5.314752642561955
month=4.007074597563896
read=4.737406991920533
net=4.3470442801186415
earth=4.568741937012119
refuse=5.638347271893592
tv=3.8667630577062733
sources=1.7715842141873186
lash=8.25309996976105
including=1.1177451916882888
conclusions=5.190647927012596
replacement=6.873850272925263
access=3.543168428374637
half=4.255652657180627
found=3.137907465492338
remaining=6.138492391880935
copyright=1.1177451916882888
users=5.667326817839825
college=4.255652657180627
know=4.136148702084573
specific=1.7715842141873186
webmasters=8.910154477762248
medium=4.984508249394563
trails=7.426138310389175
online=6.407692421281889
story=3.7130691551945874
computer=4.185409891076956
household=5.988377992381817
male=5.056189625686796
connected=5.429984898616933
people=1.9969480187467228
statistic=8.910154477762248
television=4.255652657180627
putting=6.462087021212572
news=3.137907465492338
retired=5.733231428998636
information=1.1177451916882888
manuals=7.785971890518895
study=2.2354903833765776
months=3.543168428374637
world=1.7715842141873186
services=2.51986784272576
ventured=8.910154477762248
interview=4.568741937012119
shareware=8.25309996976105
respondents=8.25309996976105
full=2.8893294058756074
educated=6.873850272925263
magazine=4.909491679679657
nearly=5.733231428998636
products=3.8667630577062733
internet=4.462548302247119
comparisons=5.429984898616933
july=3.8667630577062733
school=3.137907465492338
conventional=5.253893893772862
prior=4.007074597563896
books=3.8667630577062733
service=2.2354903833765776
week=4.194828377488945
freeware=8.910154477762248
rights=1.7715842141873186
