#Tue Mar 12 00:16:52 EDT 2019
copyrighted=10.212838663542358
stamps=7.620149029212652
images=4.688102076868204
printed=6.6309115294137415
image=4.032275119976119
advantage=4.480995332979317
digital=5.515118876162709
protect=3.810074514606326
special=3.3117557211474025
pixels=9.142935689585421
powell=6.473202314601264
pt=6.144826670056364
interprets=7.053432254406739
alerting=8.468715379915114
rights=1.8178675329843792
remain=4.480995332979317
contact=2.9648142475957666
detect=7.620149029212652
norton=7.989383399984815
photoshop=9.142935689585421
creator=7.311830531301404
copyright=1.1469467146113874
source=4.2442071773394145
identified=5.453602598953137
finished=6.8291458963494724
watermarking=9.142935689585421
pixel=6.6309115294137415
editors=6.298862865963696
detected=8.61480378689086
takes=4.2442071773394145
software=4.984588785275633
popular=3.9677837294188025
artist=6.2385603380951204
contains=4.872146505451441
step=4.592917718748328
application=2.9648142475957666
watermark=10.714485580133902
viewer=7.620149029212652
rescanned=9.142935689585421
product=4.2442071773394145
cnet=6.298862865963696
picturemarc=9.142935689585421
december=3.9677837294188025
rachel=7.989383399984815
addition=3.810074514606326
designing=7.620149029212652
subtle=7.311830531301404
invisible=7.311830531301404
viewed=5.11473044403019
equipped=6.8291458963494724
variation=7.884211108241377
information=1.1469467146113874
marking=7.311830531301404
protection=3.440840143834162
watermarkcreated=9.142935689585421
reserved=1.8178675329843792
