#Tue Mar 12 00:16:52 EDT 2019
application=2.9248964630175194
welcome=5.318568258681675
atmosphere=5.318568258681675
payments=4.71828851844633
relish=9.019836666580659
fullest=7.881815620407314
establishments=7.517552562115628
dear=7.213385215120863
favorite=6.9584659712755155
discounts=6.214055984326726
form=2.6272718734691045
kind=4.308038875562745
local=2.6272718734691045
lomita=9.019836666580659
mexico=3.3945132227661268
friendly=5.80380634144314
friends=5.605694961262469
selecting=6.541633997708949
dominican=6.541633997708949
stogie=9.019836666580659
cigars=9.19285374969934
tastes=7.517552562115628
start=1.7933920554288107
article=3.758776281057814
honduras=7.881815620407314
staff=3.5867841108576215
gift=6.214055984326726
republic=3.3945132227661268
search=4.308038875562745
events=3.1765344679740357
box=4.308038875562745
jamaica=6.737199368851178
specials=7.881815620407314
easy=4.624982220729827
fresh=6.541633997708949
accessories=7.287905165669731
sent=4.526017630354836
nicaragua=6.214055984326726
gregory=7.517552562115628
able=3.5867841108576215
stores=6.386048154526918
receive=4.066022626845498
articles=4.056400870606229
ca=4.890280688646523
fax=3.758776281057814
rated=8.35469395126606
cigar=8.592280378950914
time=1.7933920554288107
handmade=9.019836666580659
month=4.868334861777879
packaging=6.737199368851178
patronage=7.881815620407314
payment=5.605694961262469
happy=6.737199368851178
smoking=7.510455835234004
friend=4.890280688646523
enjoying=8.526083559349646
shipping=5.707754179668655
join=4.71828851844633
forward=4.9699265234028465
club=5.578173931361392
limited=3.5867841108576215
united=2.263008815177418
membership=4.420663928897915
newsletter=6.214055984326726
manufacturers=5.80380634144314
look=2.9248964630175194
voice=4.187063851092966
exciting=8.132045253690997
premium=6.7219994879946725
offering=4.890280688646523
news=3.1765344679740357
information=1.2239947737289498
pleasures=8.526083559349646
pleasure=6.062093707111085
cost=3.3945132227661268
wondering=7.881815620407314
special=3.1639805911680114
lover=6.737199368851178
enjoy=6.174312038723795
flavors=9.019836666580659
protective=6.386048154526918
appreciated=7.881815620407314
full=2.9248964630175194
delighted=7.517552562115628
magazine=4.9699265234028465
loved=7.213385215120863
plus=5.045866531828553
airlift=8.35469395126606
aficionado=9.019836666580659
clubs=6.9584659712755155
kemper=9.019836666580659
