#Tue Mar 12 00:16:52 EDT 2019
operations=3.54047764144903
transfer=4.25242078865353
swana=8.903387842853814
public=1.770238820724515
related=2.593352997708344
impact=3.1355244457311846
haulers=7.780058993125032
created=3.1355244457311846
frey=6.303602338339034
challenge=4.9057632664557
directors=6.303602338339034
report=2.593352997708344
tons=6.868630067672008
visitor=7.780058993125032
designed=3.1355244457311846
resource=4.744494704764353
regulations=4.467585371689382
waste=5.908079293334272
epa=6.8396245993963065
implement=5.9838302409742194
processing=4.827145683553035
rules=3.863826523445928
operate=4.980722866368274
agency=3.54047764144903
bags=8.246832321484295
mail=2.8871351636468603
facet=8.903387842853814
minimizing=6.868630067672008
date=3.863826523445928
north=2.233792685844691
staff=3.54047764144903
efficiency=4.744494704764353
click=2.233792685844691
visit=4.467585371689382
recycling=6.650220084112824
tours=6.650220084112824
lcswma=8.366681548360216
reliability=7.12025822685713
posed=6.457179521154273
events=3.1355244457311846
solid=7.198574373741397
composting=7.780058993125032
annual=4.827145683553035
implemented=5.310716462173545
southeastern=6.133830639157374
com=1.1168963429223455
department=3.1355244457311846
padep=8.903387842853814
licensing=6.133830639157374
spsa=8.903387842853814
www=3.3506890287670363
management=3.3330513686015237
web=4.7713480035152225
site=3.6356124444425175
board=3.863826523445928
update=5.186705995416688
mission=4.363591818432859
station=4.467585371689382
thank=6.650220084112824
rates=4.363591818432859
house=2.593352997708344
sites=4.467585371689382
association=3.3506890287670363
federal=2.8871351636468603
hazardous=6.457179521154273
recovery=5.533323741190479
time=1.770238820724515
technology=3.1355244457311846
hours=4.25242078865353
please=3.1355244457311846
system=1.770238820724515
history=1.770238820724515
battery=6.303602338339034
farm=4.827145683553035
traditionally=6.457179521154273
pennsylvania=3.991921598193474
past=2.8871351636468603
hauler=8.246832321484295
directions=5.9838302409742194
pringle=9.660480982052986
comments=1.770238820724515
page=1.2118708148141726
facilities=4.25242078865353
landfill=8.05149541421048
county=4.514582909321524
available=2.813876892291067
operational=5.533323741190479
maintained=5.861391047686699
provided=3.863826523445928
safety=3.863826523445928
disposal=5.9838302409742194
environmental=4.35650048175531
telephone=4.25242078865353
pike=6.133830639157374
assure=7.12025822685713
household=5.9838302409742194
reclamation=8.903387842853814
digits=8.903387842853814
officials=4.1330075883963815
america=2.8871351636468603
community=2.593352997708344
information=1.2118708148141726
lancaster=7.397815969248429
bring=4.1330075883963815
locations=5.861391047686699
counter=5.533323741190479
compliance=5.634065344170443
special=2.8871351636468603
quality=3.71024934063069
services=2.233792685844691
environment=3.1355244457311846
office=2.8871351636468603
innovation=5.9838302409742194
goal=4.565272299223484
founded=5.533323741190479
containers=6.868630067672008
authority=4.35429463166985
harrisburg=8.246832321484295
finance=4.25242078865353
infectious=7.780058993125032
statement=3.863826523445928
educational=3.3506890287670363
protection=3.6356124444425175
organization=2.593352997708344
service=2.5186221102247868
facility=4.744494704764353
