#Tue Mar 12 00:16:52 EDT 2019
holden=8.259377152193895
marketing=3.869704058933296
application=2.8915269859189503
return=2.5972979274775274
utilities=6.467001986410824
construction=4.66461668501172
grant=5.769032172034851
novell=6.660336196807325
power=2.5972979274775274
ed=5.257889925636629
approximately=4.7517118859259995
involv=8.916931405870072
units=5.3291314484875745
pay=3.715893259174707
ice=5.194595854955055
expected=4.258889441927912
estimated=4.959256054415797
operating=4.3702295816992995
email=5.194595854955055
conducted=5.059306130239153
comfort=5.992932661690651
bill=3.545863308443544
consumption=5.642635713155068
ecm=8.259377152193895
main=3.1402941102307333
heat=5.894113927884333
costs=3.9958724309097975
consisted=8.259377152193895
systems=2.9965218520783483
plant=4.7517118859259995
menu=6.143161235921071
contact=3.1362954062275366
physical=3.1402941102307333
entecheng=7.431786518349414
resulting=4.01012231761613
payback=8.916931405870072
list=3.869704058933296
vp=6.313191186652234
chilled=8.916931405870072
entech=8.227190586114546
funding=4.664458640140722
annual=4.834488590871885
storage=5.737592037708261
air=4.187481055793264
measure=4.664458640140722
accepted=5.541740865110146
howard=4.7517118859259995
cycle=4.5722168527083165
amount=4.01012231761613
matt=7.131089347290108
projects=4.474381326788715
savings=4.7517118859259995
gas=3.869704058933296
simple=4.258889441927912
life=2.2371906633943577
current=2.2371906633943577
opportunities=4.3702295816992995
useful=5.060035286688334
water=4.187481055793264
lighting=7.2877357924665604
conditioning=7.014435182799686
replace=5.541740865110146
rooftop=9.671751687625523
correction=6.467001986410824
reduction=4.9132257644525055
merner=8.916931405870072
pfeiffer=8.916931405870072
outside=4.13929459393945
please=3.1402941102307333
xvi=8.259377152193895
covered=4.664458640140722
net=4.01012231761613
foreman=8.916931405870072
alternative=3.715893259174707
efficient=5.318794962665315
hall=4.626507813030923
period=3.1402941102307333
expenditures=4.988299390630475
pennsylvania=3.545863308443544
identified=5.318794962665315
maintenance=4.3702295816992995
submitted=5.737592037708261
conservation=6.367230065440581
inculding=8.916931405870072
feasibility=6.914090789819672
college=4.619405406691877
november=4.01012231761613
june=3.545863308443544
thermal=6.87907841899611
energy=4.080671634972577
engineering=4.5722168527083165
pumps=8.060888945899098
hvac=8.916931405870072
updated=1.772931654221772
science=1.772931654221772
fluorescent=9.671751687625523
maximum=4.834488590871885
evaluation=3.715893259174707
expansion=4.13929459393945
study=2.581063434889624
lloyd=4.834488590871885
mlloyd=7.431786518349414
cost=3.3557859950915363
albright=8.259377152193895
evaluated=7.4613939795965045
cooling=7.2241351782989405
pleased=6.87907841899611
office=2.8915269859189503
incandescent=8.916931405870072
talk=5.318794962665315
mohn=10.048588248786766
source=4.489686827483982
electric=5.257889925636629
ecos=10.048588248786766
completed=5.410560074281977
direct=3.715893259174707
leitzke=8.916931405870072
factor=4.834488590871885
unit=4.258889441927912
dormitory=8.259377152193895
director=3.869704058933296
audit=6.663181238756862
