#Tue Mar 12 00:16:52 EDT 2019
cincinnatti=7.924262053316434
milacron=7.924262053316434
bruce=4.719386079736349
image=3.4638010886181214
comments=1.8299982784722806
mail=2.9845986413449874
url=6.523246373795361
optional=6.038537466314678
link=4.7325947482012936
subject=1.154600362872707
recieve=9.908738725649732
posted=6.340895577865843
home=1.314171818901183
name=3.4638010886181214
dovidio=9.20394708004715
faq=7.401148242062973
post=3.8599874722893652
duty=5.080772760085912
ve=5.622849982378052
weisel=9.20394708004715
light=3.7290414304036013
offer=4.599697673219719
hrs=8.65856606425308
user=4.972055240538135
send=1.9701302769417632
robot=5.18327436401806
walter=6.675160023133223
title=1.8299982784722806
follow=5.146649963052487
nice=7.401148242062973
october=3.659996556944561
ups=6.047879475425324
clean=6.038537466314678
re=2.9845986413449874
workspace=6.038537466314678
unit=4.7325947482012936
located=4.972055240538135
followup=7.912648946345228
usa=3.7290414304036013
england=4.972055240538135
