#Tue Mar 12 00:16:52 EDT 2019
steering=8.743991499700762
easily=5.02753243607062
rosenblatt=8.206323509963505
varying=6.4254615647339755
portion=5.832599631062183
votes=6.043528156590323
architecture=2.614772287725143
issues=2.222820195637553
planners=6.6175539037592745
reprints=8.859654001063063
stripe=8.859654001063063
julio=7.741842993200786
actions=4.010558532069223
subsumption=8.859654001063063
teleoperation=8.206323509963505
figure=4.803434526704481
designed=3.120122608536065
issued=4.803434526704481
thorpe=7.741842993200786
alvinn=8.859654001063063
multiple=4.956257331485823
arbiter=10.249306619943228
commands=6.587604739589276
distributed=5.970776633884569
concurrently=8.206323509963505
removed=5.954437397521766
interfaces=8.206323509963505
knowledge=3.692024428885705
speed=5.217856949588164
details=4.542847476224654
operate=4.956257331485823
controlling=6.4254615647339755
include=2.872953425784369
framework=5.284629983896778
various=2.414596835037882
plan=2.872953425784369
specialized=5.832599631062183
road=4.934787419909009
radius=7.38404885777141
build=5.161228662133857
combines=8.409780343650846
model=3.5230866559311855
investigators=6.834891047649437
added=4.342157659032521
institute=3.692024428885705
mobile=6.438672985966859
controller=6.335814582234551
hand=4.112706069111677
damn=10.657299843692838
independently=6.97982643324608
individual=2.5806143310669283
option=4.542847476224654
spirit=4.803434526704481
considerations=4.721189533243407
alternatives=4.542847476224654
contrast=4.342157659032521
similar=3.334230293456329
value=3.120122608536065
reflecting=5.161228662133857
set=2.803260114550282
current=2.222820195637553
providing=3.334230293456329
send=1.7615433279655928
inputs=8.206323509963505
archicture=9.62403191786808
contents=4.231532706354841
arbitration=6.6175539037592745
selected=4.342157659032521
allow=3.8448472336670467
advantages=4.231532706354841
path=5.506143805940498
time=1.7615433279655928
command=6.222633215131463
based=1.9135227189475152
table=5.284629983896778
system=2.072158011984611
sensor=7.085283197991843
rate=3.5230866559311855
including=1.1114100978187764
behaviors=8.040094172299185
avoiding=6.103700986998113
flexibility=6.272638759952633
priority=5.284629983896778
action=3.334230293456329
consists=5.606390561632639
scheme=6.834891047649437
vehicle=5.464602533290825
narrow=6.272638759952633
constraints=7.085283197991843
subsystems=7.741842993200786
available=2.803260114550282
following=2.803260114550282
example=2.872953425784369
weighted=6.834891047649437
centralized=6.6303055524453125
discretized=8.859654001063063
modules=8.409780343650846
robustness=8.206323509963505
ai=6.272638759952633
specific=1.7615433279655928
ganesha=8.859654001063063
affect=3.8448472336670467
appropriate=4.467535015835977
obstacle=8.021117064138446
received=3.334230293456329
weights=8.206323509963505
avoidance=7.38404885777141
computes=8.206323509963505
single=3.692024428885705
chuck=8.859654001063063
task=5.968702762228539
control=2.222820195637553
direction=4.803434526704481
performs=6.6175539037592745
periodically=7.085283197991843
mapping=6.834891047649437
optimal=6.103700986998113
achieving=6.272638759952633
completely=5.700736939602994
sum=6.103700986998113
relative=4.112706069111677
fixed=4.956257331485823
asynchronously=8.859654001063063
choice=3.8448472336670467
world=1.7615433279655928
samplers=8.859654001063063
runs=6.272638759952633
behavior=4.441145372511449
robotics=5.954437397521766
traditional=3.5230866559311855
select=5.954437397521766
reactivity=8.859654001063063
responsible=3.8448472336670467
provide=2.872953425784369
navigation=7.906955966097377
depending=4.803434526704481
module=7.38404885777141
fusion=7.424579965519668
organization=2.5806143310669283
