#Tue Mar 12 00:16:52 EDT 2019
program=1.9695417439780512
remember=6.338407542804554
isu=5.821973962921385
main=3.2401011646126574
service=2.308294643584203
honors=6.6575217481975075
julie=7.667988827800375
scholars=6.338407542804554
ps=7.039171371147775
philosophy=2.4852849743535406
rosenbaum=9.200335643341374
presidential=3.8339944139001876
awards=5.359694184216171
limited=3.6585604506964686
requirements=3.8339944139001876
plans=3.2401011646126574
stephen=6.872019725057425
professors=7.667988827800375
list=3.9926937375731515
gowen=9.200335643341374
listing=6.872019725057425
abroad=4.988141735692289
core=5.069381389960892
experience=3.2401011646126574
staff=3.6585604506964686
learning=4.717534291153814
faculty=6.597989735165891
starting=5.069381389960892
study=2.308294643584203
colleagues=6.268378454779462
listed=6.056881484599997
department=3.488538502733609
machina=9.200335643341374
colleague=6.872019725057425
please=3.2401011646126574
return=2.6798470921080857
curriculum=5.717872403265323
names=5.424999911937762
kenton=9.200335643341374
club=5.069381389960892
ids=6.056881484599997
