#Tue Mar 12 00:16:52 EDT 2019
june=3.6456860308291295
include=2.972928909929528
talk=5.468529046243694
cost=3.4502576835448906
estimated=4.700933358076072
net=4.123014804444492
updated=1.8228430154145647
buildings=7.1649000111432395
main=3.2286992967556056
totalling=9.167959798910466
muhlenberg=8.491894156043998
design=3.4791845359974345
analysis=2.3001717890299274
projects=4.600343578059855
conservation=6.035567408648455
contact=2.972928909929528
major=2.3001717890299274
roads=8.011250250023874
provide=2.972928909929528
vp=6.490919394530879
opportunities=4.493259765422522
marketing=3.978643507633825
lloyd=4.970588539037885
construction=4.255823523336998
sf=7.331842926968794
energy=3.933727839904715
potential=3.6456860308291295
completed=5.8473967694616285
tgray=9.167959798910466
audit=6.316102780837086
list=3.978643507633825
identified=5.468529046243694
matt=7.331842926968794
email=5.340833500015915
street=3.8205026445229215
ems=8.491894156043998
entech=7.331842926968794
savings=4.885481514133491
mlloyd=7.641005289045843
study=2.4786210739947507
novel=5.202484798625688
pleased=7.072737416976364
please=3.2286992967556056
lighting=7.1649000111432395
return=2.6704167500079574
menu=6.316102780837086
campus=5.825304471213229
college=4.71849507299481
entecheng=7.641005289045843
wide=3.4502576835448906
