#Tue Mar 12 00:16:52 EDT 2019
insel=9.160796086617516
program=1.963091012452179
remember=6.311167468714536
jinadasa=9.160796086617516
isu=5.796953324688653
main=3.226176437433605
service=2.298374467784809
carol=6.311167468714536
lotus=6.6438647773223884
honors=6.63571673413442
mathematics=6.499938850890253
edge=5.198419651622074
scholars=6.311167468714536
rich=6.030851302842079
ps=7.021920208514257
presidential=3.817517358553074
awards=5.336660249321337
orlyn=9.160796086617516
limited=3.642837344053868
requirements=3.817517358553074
stephen=6.842486387985855
plans=3.226176437433605
professors=7.635034717106148
list=3.97553465266172
abroad=4.966704592445478
listing=6.842486387985855
core=5.047595109460539
staff=3.642837344053868
experience=3.226176437433605
john=3.4475617016772135
jhs=8.22889776145317
learning=4.6972601161744665
faculty=6.57971551747365
starting=5.047595109460539
friedberg=9.160796086617516
study=2.298374467784809
colleagues=6.247847980298291
listed=6.030851302842079
thornton=7.067210881401369
beverly=9.160796086617516
department=3.4771126848408893
colleague=6.842486387985855
arnold=6.311167468714536
hershberger=9.160796086617516
please=3.226176437433605
dossey=9.160796086617516
return=2.6683301246606685
curriculum=5.69329915409345
names=5.401685317768556
club=5.047595109460539
ed=5.8218355078164805
ids=6.030851302842079
