#Tue Mar 12 00:16:52 EDT 2019
platform=7.481622204666555
june=3.6657522740531587
image=3.469248268383553
comments=1.8328761370265794
mail=2.9892922264877635
url=6.5310527375559575
optional=6.045763779310215
link=4.738258240582074
subject=1.1564160894611843
huxley=8.385390067224868
posted=6.350867281552859
huseyin=9.920596505422063
create=4.134143911572795
name=3.469248268383553
aldous=9.162424637535999
contacts=6.667480561940786
stewartplatform=9.218421223629264
faq=7.410005190292882
post=3.863890786328536
phil=7.047040861153281
vidler=9.218421223629264
user=4.978005295100131
posed=7.194909816701083
tony=7.372198169359065
title=1.8328761370265794
follow=5.151854381771382
ups=6.053995239539356
simulate=7.410005190292882
stewart=8.902505570469028
re=3.581011330095507
watson=7.604495131193409
workspace=6.389931548188583
towhether=9.218421223629264
question=3.733503971325098
followup=7.920650411101533
ovayolu=9.920596505422063
