#Tue Mar 12 00:16:52 EDT 2019
program=1.967191124151464
remember=6.328474897022942
isu=5.812850597985801
main=3.2350237414669625
service=2.3046774143512327
honors=6.649576091465378
steffensen=9.18591819315375
getsi=8.508528258556598
scholars=6.328474897022942
ps=7.032888422461554
presidential=3.8279863261928617
awards=5.351295238034489
limited=3.6528272780056983
william=4.131091053354082
requirements=3.8279863261928617
sally=8.508528258556598
plans=3.2350237414669625
professors=7.655972652385723
english=3.723478233566524
ron=8.026942857051734
list=3.986436958982953
strickland=9.18591819315375
listing=6.861250878581036
abroad=4.980325033368477
parry=9.18591819315375
core=5.061437380469812
experience=3.2350237414669625
staff=3.6528272780056983
learning=4.710141646114788
faculty=6.591332832213006
starting=5.061437380469812
study=2.3046774143512327
lucia=7.346204696511892
colleagues=6.260897234987392
listed=6.047390006192928
department=3.4843749820591117
colleague=6.861250878581036
margaret=7.655972652385723
please=3.2350237414669625
return=2.6756476190172447
curriculum=5.70891217140542
names=5.416498627959625
club=5.061437380469812
morgan=5.351295238034489
ids=6.047390006192928
