#Tue Mar 12 00:16:52 EDT 2019
drafts=7.921429539716033
package=5.8423053573400106
charges=4.54876534558107
return=2.640476513238677
transaction=6.993439145322476
choose=5.07122700196146
banking=5.705881765634402
payments=4.742002585058221
discounts=6.245287761901631
express=5.7754056504290725
waive=6.993439145322476
free=2.721750801638336
joint=4.404824638710496
bill=3.604811248662954
travelers=8.558822648451605
drawn=5.633869122973354
include=2.9395969607267443
account=3.9695008756694126
accounts=5.705881765634402
customers=6.302323164444129
surrey=5.736441289897669
renewal=7.921429539716033
box=4.329691031945786
preferential=7.921429539716033
includes=2.274382672790535
networks=5.832976208789196
metro=5.345299324718264
american=1.947435119113337
bonus=9.065170267250359
status=3.293534688341706
savings=4.830706365923136
interac=9.065170267250359
transactions=5.967897702318404
cheque=7.249639610505937
mortgage=7.55533569926789
exchange=4.076788297122012
deposits=6.993439145322476
deposit=7.249639610505937
abm=8.396684551906041
bonuses=8.396684551906041
prestige=6.934576525432981
chequing=7.921429539716033
consider=4.54876534558107
financial=2.9395969607267443
packages=6.574512178804869
funds=4.208107988322996
offer=4.208107988322996
payment=5.633869122973354
rate=3.604811248662954
popular=3.9340356655661917
half=4.329691031945786
level=2.640476513238677
commission=3.777667849633945
copyright=1.1371913363952675
safety=3.9340356655661917
age=3.6860842793957382
classic=5.633869122973354
dollar=4.208107988322996
cheques=10.156648387448197
term=3.1924996955505187
complimentary=9.065170267250359
benefits=3.604811248662954
canadian=5.07122700196146
september=4.076788297122012
personalized=7.55533569926789
services=2.457389519597159
metrosavings=9.065170267250359
enjoy=5.736441289897669
spouse=6.0925617239387835
money=3.1924996955505187
metrochequing=10.156648387448197
direct=3.777667849633945
cancelled=7.55533569926789
plus=5.07122700196146
host=7.103526384518367
depending=4.914859186029212
price=1.802405624331477
holder=7.55533569926789
