#Tue Mar 12 00:16:52 EDT 2019
skills=4.733709946637679
availability=5.715855075113811
home=1.1143575147308231
automatically=5.237970322449758
easily=5.040865259082594
frustration=6.289273557135535
button=2.419512362942343
description=2.419512362942343
choose=4.96940113565671
fatigue=7.762374063607068
transport=5.040865259082594
controls=4.96940113565671
total=3.343072544192469
tasks=5.970228336907347
sterile=7.762374063607068
constantly=6.289273557135535
commands=5.848067461368502
job=4.123612807718935
images=4.554894933330317
holidays=7.10407309702676
automated=6.442501642128243
aesop=8.963749260423231
operating=4.353672894447534
info=3.7018155359331795
procedures=4.018723047192739
extends=7.403631071866359
exactly=5.520745887931332
product=4.653103661942598
easier=5.848067461368502
endorsements=7.403631071866359
costs=3.5324297464903562
scopeholding=8.883149463349094
minimizes=8.228086364868696
robotic=6.348712749301012
standards=3.7018155359331795
staff=4.081934091722196
efficiency=4.733709946637679
suture=8.883149463349094
relaying=8.883149463349094
adjustments=8.883149463349094
superior=6.289273557135535
smoothly=7.10407309702676
cut=5.040865259082594
hand=4.123612807718935
easy=4.554894933330317
wheeled=8.883149463349094
field=3.5324297464903562
jittery=8.883149463349094
productive=6.289273557135535
laparoscopic=7.762374063607068
holding=5.139764396494642
training=3.7018155359331795
conflicts=4.646787261221179
necessity=5.621258494171065
allowing=4.816173050664002
proper=4.8946119271566335
hospital=4.353672894447534
video=5.876972538325054
upgrade=6.635103402662155
patient=4.733709946637679
cart=8.883149463349094
laparoscope=7.403631071866359
simple=4.242754568642278
sites=4.4574300589232925
scheduling=7.10407309702676
risk=3.8550436209258874
surgical=6.442501642128243
nurses=5.970228336907347
weekends=7.762374063607068
company=2.880572387976001
reach=4.353672894447534
reduces=7.667259287559205
system=1.7662148732451781
efficient=5.298644619735534
foot=6.1198877676927115
frees=9.643624090258617
swivel=8.883149463349094
tiring=8.883149463349094
mode=5.621258494171065
feature=5.298644619735534
key=2.5874580212023557
remembers=8.228086364868696
manual=5.621258494171065
absolute=5.970228336907347
maintain=4.605971152013876
hour=4.8946119271566335
hands=4.8946119271566335
constraints=7.10407309702676
moves=5.237970322449758
safer=8.228086364868696
program=1.7662148732451781
scope=6.8057891027613895
crowding=8.883149463349094
request=4.554894933330317
position=2.9196995341178638
maintains=6.1198877676927115
associated=4.123612807718935
setup=7.403631071866359
error=5.621258494171065
touch=5.298644619735534
orientation=5.237970322449758
supplements=8.228086364868696
image=3.7723384378871123
improves=7.10407309702676
control=2.419512362942343
optimal=6.1198877676927115
benefits=3.986009976053399
information=1.257446145962371
steady=7.762374063607068
positioning=6.736833119999984
cost=3.343072544192469
publications=3.343072544192469
convenient=7.762374063607068
tedious=8.883149463349094
operative=6.853016916314275
assistant=5.715855075113811
helps=5.970228336907347
assistants=8.228086364868696
arm=7.10407309702676
precise=5.848067461368502
support=2.2287150294616462
standard=3.7018155359331795
direct=3.7018155359331795
valuable=6.1198877676927115
drastically=8.228086364868696
endoscopic=7.762374063607068
positioner=8.883149463349094
lot=5.621258494171065
irrigate=8.883149463349094
containment=7.403631071866359
specifications=7.10407309702676
