#Tue Mar 12 00:16:52 EDT 2019
package=6.001232974156892
application=2.8970355890418644
imaging=5.204491998787788
note=4.58092731197642
requested=5.881490648671527
directory=6.400568034635402
display=6.325218349067007
wide=3.362179050837657
beta=6.4793221713898035
purpose=3.362179050837657
movie=7.472291210586249
reason=4.017761939321083
picture=5.328927716287937
writing=3.722972349673113
gov=4.017761939321083
files=5.262940796607832
drive=4.997802522275129
ecn=6.892183644382623
main=3.4110953022043375
particular=3.14627663573602
organized=5.161472627262854
written=1.7763092387626456
oak=6.154864476919185
ibm=4.760764298392307
wong=8.463822605003736
data=3.1408759089576153
reference=4.147180299740528
manager=4.997802522275129
especially=2.8970355890418644
copy=5.444467310395133
version=4.524648619058772
multispec=10.06103509475891
pc=6.379153510506372
file=4.482905401116876
located=4.482905401116876
www=3.362179050837657
dynamo=8.275111963245449
web=4.147180299740528
site=3.362179050837657
running=5.328927716287937
questions=2.8970355890418644
converted=6.673024699785875
grove=6.325218349067007
cd=6.975617283767419
laboratory=5.777457739206058
website=5.267906650019747
included=3.8770761719959097
ca=4.8436986999523315
instructions=6.761867181136318
guarantees=6.325218349067007
installation=6.473764597178648
contains=4.760764298392307
containing=5.552298349506656
listed=5.881490648671527
time=1.7763092387626456
please=3.14627663573602
propulsion=6.509729258199292
compressed=8.275111963245449
read=4.378555238156539
viewer=7.445944699346226
bugs=8.275111963245449
radar=4.922585874498666
netscape=6.004349704566739
access=3.552618477525291
provides=2.8970355890418644
level=2.602245999393894
stokes=5.069675081273701
windows=5.881490648671527
quicktime=10.06103509475891
sigma=9.695752866287183
biehl=8.933918913311084
macintosh=7.144674674779548
nasa=4.267002986015239
http=3.722972349673113
available=2.9305491329330464
jet=5.066695155359635
viewing=5.552298349506656
frequently=4.482905401116876
al=3.6451699876667876
provided=3.8770761719959097
guided=7.234685897099521
pasadena=8.275111963245449
ms=5.653385410758555
program=2.081259500734381
briefly=6.892183644382623
directories=8.933918913311084
associated=4.147180299740528
sir=4.8436986999523315
purdue=6.4793221713898035
top=3.362179050837657
look=2.8970355890418644
browse=7.806737998181682
fitness=7.144674674779548
image=3.7863564415097124
section=4.378555238156539
information=1.120726350279219
browser=7.445944699346226
rom=6.892183644382623
exists=5.552298349506656
special=2.8970355890418644
world=1.7763092387626456
run=4.036330864223508
register=5.653385410758555
player=7.445944699346226
movies=6.892183644382623
edition=6.154864476919185
naturally=7.445944699346226
detailed=3.722972349673113
ll=5.328927716287937
unfortunately=5.881490648671527
jpl=5.158863752799938
nih=7.472291210586249
pict=8.933918913311084
software=5.236498392160761
tour=6.232369503872249
edu=5.069675081273701
analyzing=5.267906650019747
