#Tue Mar 12 00:16:52 EDT 2019
honors=6.247136694338675
ms=6.531672169370249
cohen=5.664615352105159
director=4.332486817475137
kalus=9.295163575356609
kerry=7.433570915428255
sara=7.433570915428255
dr=3.8735114245530813
assistant=5.980965210078126
attig=9.295163575356609
office=3.0141777583913085
staff=3.6962692621074265
ira=6.580979721768566
susan=7.747022849106163
sloss=9.295163575356609
