#Tue Mar 12 00:16:52 EDT 2019
national=1.8171589661677112
august=3.9662371701479158
global=3.9662371701479158
change=2.66208976837086
international=2.2929993174487167
pages=2.2929993174487167
demon=6.826484037836386
membership=4.830337979126735
research=2.1060674678610045
clarkson=7.050682973753223
mail=2.9636586248920693
dr=3.808589427095219
facsimile=7.9862693051125815
antarctica=8.465414451443081
scott=4.2425528739788225
charged=4.870247444448882
road=4.68627475254201
secretary=4.2425528739788225
cambridge=7.147863681317602
officers=4.78081759105978
provides=2.9636586248920693
chief=3.9662371701479158
unions=5.880721228428051
future=2.66208976837086
directory=5.679984379112027
programme=6.826484037836386
scientific=5.431341443176859
polar=7.617178854190438
advice=5.451476898503133
executive=4.4323177466097965
secretariat=9.139371964110918
cb=6.628326938518777
kingdom=5.59276810613421
uk=5.32417953674172
meetings=6.006231689471125
publications=3.4394989761730748
interdisciplinary=7.9862693051125815
lensfield=9.139371964110918
treaty=4.955089085819576
council=3.9662371701479158
committee=4.14914220309641
er=5.186262238837855
symposia=9.139371964110918
xxiv=9.139371964110918
promotion=5.3890525327031815
execsec=9.139371964110918
icsu=9.139371964110918
scar=10.375361922786356
information=1.1464996587243583
initiation=7.617178854190438
subsidiary=7.881867774408281
system=1.8171589661677112
constitution=4.78081759105978
institute=3.808589427095219
united=2.4727275366022297
telephone=4.365131118781549
antarctic=9.664594298334771
ordination=8.465414451443081
