#Tue Mar 12 00:16:52 EDT 2019
stand=5.033568279435724
robotrak=6.3961308319097245
registered=4.947382907713361
workspace=6.078497377764622
trademarks=6.239715986430749
eurobot=9.284122245988609
copyright=1.1646580343134814
page=1.1646580343134814
home=1.1646580343134814
exhibition=8.112756632426287
revision=5.874994139354501
robot=5.217574587501369
return=2.704252210808762
april=3.691878621100963
frankfurt=6.733307039612782
simulations=6.198885774115093
germany=3.868910245122244
