#Tue Mar 12 00:16:52 EDT 2019
program=1.9520478072357061
recognition=5.086960545467351
grades=7.574059559277354
reports=4.4566662334853975
thesis=5.8510730884820825
recorded=6.3172508254063064
research=1.8079976097217414
submitted=5.8510730884820825
scholar=7.015136375402332
coordinators=9.093295068355285
hours=4.6891575186094325
honors=7.654254556087674
met=3.7893881101231788
range=3.7893881101231788
including=1.2316050419789277
notify=7.5787762202463576
major=2.4632100839578555
credit=4.751150435092321
cumulative=7.574059559277354
requirements=4.402550963976491
specific=1.9520478072357061
awarded=5.986413177587371
departmental=9.785622542697217
illinois=3.202404464718427
semesters=9.093807435092495
complete=3.7893881101231788
applications=3.9462410591078285
mentorship=9.093295068355285
designations=9.81779323340039
student=4.260653423895019
undergraduate=7.015136375402332
completed=5.086960545467351
current=2.2814389727190445
designation=9.426534328729621
semester=7.272131705647765
colloquium=7.85153070646135
following=2.8596983487758014
certificate=6.763793963247213
gpa=7.85153070646135
minimum=4.811746156011508
university=4.576804641905982
transcripts=8.422735367941602
acceptable=6.101613154825877
prior=4.0894365824407855
available=2.648668623763656
recognizes=6.11146397085237
accomplishments=7.015136375402332
transcript=9.81779323340039
diploma=7.015136375402332
grade=5.541593585506245
coursework=9.81779323340039
study=2.2814389727190445
defending=7.5787762202463576
office=3.1836528492146337
participation=5.423190440094636
graduation=9.093295068355285
independent=3.4221584590785663
sections=5.651348270508756
choose=5.086960545467351
designating=9.093295068355285
department=3.202404464718427
courses=5.986413177587371
earn=7.272131705647765
writing=3.7893881101231788
sequence=7.015136375402332
names=5.361883180941804
departments=6.11146397085237
students=4.576804641905982
soon=4.562877945438089
ids=6.463373985497057
experiences=4.4566662334853975
