#Tue Mar 12 00:16:51 EDT 2019
store=5.196389459525541
installation=5.8922045200435536
understand=4.250837312222652
prices=4.790153099482332
page=1.1487384300258379
simple=4.373654915715598
aaa=7.372508819605843
mail=3.3150903186745584
site=3.446215290077513
pudding=9.157218427047997
home=1.2382038541028237
industrial=3.714611562308471
web=4.250837312222652
phone=3.973982046375152
mouth=8.001864103061381
icon=6.641270080728946
company=2.969445764754085
contact=2.969445764754085
demonstrate=5.4621220041847405
quote=8.226448340283968
secrets=6.0284960126825835
modified=5.196389459525541
saturday=6.641270080728946
read=4.48799536908204
delivering=6.8398141216594555
email=5.3345760687075865
check=4.48799536908204
expertise=7.064450851115727
january=4.118184194779923
send=1.820707334728247
robotic=6.0284960126825835
robot=5.347728641333812
price=1.9625066770013855
shipping=5.794689381103399
storekeep=7.632052928759263
free=2.2974768600516757
click=2.2974768600516757
training=3.8160264643796316
estor=8.001864103061381
background=3.8160264643796316
re=2.969445764754085
previous=3.973982046375152
money=3.2249164856897603
lowest=7.064450851115727
allow=3.973982046375152
time=1.820707334728247
committed=5.4621220041847405
reveals=5.580549461438205
appreciate=7.064450851115727
system=2.0326383226592544
info=3.8160264643796316
guaranteed=6.154425878566758
proof=6.308702703810287
