#Tue Mar 12 00:16:51 EDT 2019
home=1.1306345400164617
imaging=5.6807126627100795
sar=5.455110716017136
corner=6.732020006561978
jim=5.6013854665455165
haim=9.012902479342321
tony=7.207839775047736
mbytes=9.012902479342321
parameter=7.207839775047736
transport=5.114495391422486
storms=8.348271106338974
ames=7.875756310542817
gov=4.053282427979129
images=5.000090651337358
creek=6.732020006561978
various=2.446549776979917
surface=5.314479498595561
contact=2.922647887962667
data=3.2812257842248815
bruce=5.000090651337358
color=5.575394295314195
field=3.584026695892411
tower=5.250504207028544
estimate=6.381138747045006
tsoar=9.012902479342321
davis=4.522538160065847
airsar=7.522831221853534
mission=4.417265451460477
progress=4.304726980980011
death=3.5635199168870684
layer=7.283618827635827
models=4.417265451460477
iowa=4.183844958579099
chapman=4.886521183547195
providing=3.391903620049385
reflectors=8.348271106338974
uc=6.732020006561978
properties=5.933488110202021
steve=6.381138747045006
dan=6.103557314961321
valley=5.7419897281342145
blumberg=9.587797110110401
stovepipe=9.012902479342321
dune=10.118690016585449
radar=5.37301160556219
keld=9.012902479342321
including=1.1306345400164617
sand=7.798425649499999
rasmussen=8.348271106338974
thanks=6.732020006561978
composite=7.55796745698539
canyon=9.751389052051978
page=1.1306345400164617
white=3.391903620049385
gulch=9.012902479342321
ronald=6.2092787994066825
nasa=4.65744166772171
dust=7.798425649499999
following=2.625252103514272
asu=7.731569943279647
israel=5.376040043838616
processes=4.522538160065847
micrometeorology=9.012902479342321
dobrovolskis=9.012902479342321
sir=4.886521183547195
kbytes=10.118690016585449
gower=6.953116505678737
updated=1.7920133479462055
image=3.391903620049385
windblown=8.348271106338974
types=3.6698246654698754
modeling=6.536604980370656
threshold=7.875756310542817
dri=8.348271106338974
information=1.1306345400164617
aerodynamic=9.012902479342321
lancaster=6.381138747045006
furnace=8.348271106338974
study=2.446549776979917
boundary=7.798425649499999
climate=4.183844958579099
wash=6.381138747045006
golden=5.816534478991315
seen=3.1740924409635487
greely=9.012902479342321
jpl=5.000090651337358
focuses=3.584026695892411
deployed=6.732020006561978
denmark=6.2092787994066825
nick=6.953116505678737
windspeed=9.012902479342321
wall=5.70336622480259
iversen=9.012902479342321
edu=5.114495391422486
