#Tue Mar 12 00:16:51 EDT 2019
family=3.178007286371958
stat=6.5795997167103115
home=1.2294210401448198
medifast=9.072185144719535
gain=4.998770514661149
deceased=8.732051559629932
loss=4.717138263113327
wiring=8.403182136787787
treatment=2.9418717015071527
centers=5.148136154712441
brother=6.998850860408492
pills=9.072185144719535
answering=6.998850860408492
shots=7.25524958054115
pat=8.168096587405442
considering=5.148136154712441
email=5.709254507115801
learn=4.6518242567471315
mail=2.9418717015071527
procedure=4.745672076762406
height=6.423110899071912
insurance=4.079943027759052
mat=7.107725272452845
teeth=7.25524958054115
struggling=7.25524958054115
diets=7.92755935923002
jaw=9.072185144719535
diet=7.760691092471488
indicate=6.451912502182431
code=3.7805911126619067
grandfather=9.800383367657892
hypnosis=8.403182136787787
questions=2.9418717015071527
father=5.148136154712441
website=5.778819487415046
fax=4.084048293702721
help=2.9418717015071527
surgical=6.5795997167103115
send=1.8038003752552536
programs=2.9418717015071527
efforts=3.4514212083317393
optifast=9.072185144719535
please=3.716094445378215
sister=6.998850860408492
weight=6.6946591782027784
postal=7.92755935923002
name=3.414213978755698
friend=4.918662438913805
female=4.6518242567471315
supervised=6.998850860408492
nutrisystem=9.072185144719535
center=2.6425197864100065
acupuncture=6.5795997167103115
med=6.5795997167103115
obesity=7.92755935923002
following=2.6425197864100065
country=2.6425197864100065
craig=5.837489925815902
age=3.414213978755698
telephone=4.333041465657795
prov=9.072185144719535
jenny=9.072185144719535
ss=6.097276315359226
phone=3.9370799303003046
male=5.148136154712441
types=3.688263120434459
information=1.3033985928433782
grandmother=8.563881760673704
city=2.6425197864100065
mother=4.6518242567471315
full=2.9418717015071527
tried=5.709254507115801
provide=2.9418717015071527
weightwatchers=9.072185144719535
lyndora=9.072185144719535
address=3.897172492454277
helpful=5.837489925815902
