#Tue Mar 12 00:16:51 EDT 2019
april=3.6889573174619708
dispenser=9.27677592101816
copyright=1.1637364656209528
page=1.1637364656209528
front=4.306336638832909
robotrak=6.3910697120321815
revision=5.870345383661325
trademarks=6.2347786342347
robot=5.214437637875989
manipulating=8.592685936514012
glue=7.156684977315014
workspace=5.65340963332352
return=2.7021123945702112
simulations=6.195158833161825
irb=7.731697720382329
home=1.1637364656209528
registered=4.94346815070884
abb=6.567961254761375
pedastal=9.27677592101816
