#Tue Mar 12 00:16:51 EDT 2019
secrets=5.832599631062183
package=5.284629983896778
home=1.207298417518941
loan=5.700736939602994
transfer=4.231532706354841
profit=4.445640391275106
lease=8.123870296742007
mature=7.085283197991843
cutting=5.399209132996492
payments=5.234412562457069
owning=7.085283197991843
picture=5.284629983896778
considers=4.6344967537499615
bank=3.6218952525568224
nbd=8.859654001063063
flexible=5.700736939602994
deal=3.692024428885705
operating=4.342157659032521
email=5.161228662133857
free=2.222820195637553
sophisticated=5.606390561632639
schedules=7.085283197991843
depreciation=7.085283197991843
allows=5.733655182430891
hearing=4.803434526704481
flows=6.4254615647339755
add=4.8816659365016575
method=3.692024428885705
mail=2.872953425784369
start=1.7615433279655928
costs=3.5230866559311855
systems=2.5806143310669283
robotic=6.747453343319174
standards=3.692024428885705
matched=7.38404885777141
advantage=4.342157659032521
edge=5.02753243607062
percent=4.542847476224654
ownership=5.606390561632639
don=3.9843635236031454
conserve=8.859654001063063
lessee=8.859654001063063
manage=5.832599631062183
january=3.9843635236031454
simply=4.445640391275106
cash=6.218890602348469
quickly=5.02753243607062
concentrate=7.085283197991843
management=2.872953425784369
modified=5.02753243607062
board=3.8448472336670467
industrial=3.7658321629141294
american=1.7615433279655928
little=3.8448472336670467
upgrade=6.6175539037592745
permits=6.834891047649437
help=2.872953425784369
simple=4.231532706354841
business=1.9895675874095133
life=2.222820195637553
financing=5.383864736214739
fasb=8.859654001063063
risk=3.8448472336670467
send=1.7615433279655928
leasing=9.269195101029378
useful=5.02753243607062
caught=7.38404885777141
companies=3.9791351748190267
advantages=4.231532706354841
time=1.7615433279655928
technology=3.120122608536065
keeps=6.6175539037592745
hr=5.954437397521766
financial=3.120821136466456
typically=5.284629983896778
system=1.9895675874095133
expense=6.6303055524453125
acquire=7.085283197991843
payment=5.506143805940498
obsolete=7.696575017085992
lessor=8.859654001063063
capitalleasing=8.859654001063063
characterized=5.606390561632639
key=2.5806143310669283
provides=2.872953425784369
reveals=5.399209132996492
page=1.1114100978187764
effectiverobotic=8.859654001063063
keep=4.467535015835977
unexpected=7.38404885777141
storekeep=7.38404885777141
committing=7.38404885777141
example=2.872953425784369
risks=4.721189533243407
agreements=4.6344967537499615
meet=3.5230866559311855
rental=8.021117064138446
equipment=5.130977550278828
frequently=4.445640391275106
forward=4.8816659365016575
advantagesrather=8.859654001063063
limited=3.5230866559311855
aaa=7.474167989986513
specific=1.7615433279655928
primary=4.112706069111677
costly=7.1884917831271915
robot=5.361425881035009
periods=5.02753243607062
leases=7.38404885777141
avoid=5.0343438554139714
equity=6.6175539037592745
learned=5.832599631062183
look=2.872953425784369
tie=6.4254615647339755
term=3.120122608536065
credit=4.328119553985397
managers=5.284629983896778
benefits=3.5230866559311855
information=1.1114100978187764
saturday=6.4254615647339755
balance=4.328119553985397
deduct=7.085283197991843
lower=3.692024428885705
uncertainties=8.206323509963505
cost=3.334230293456329
fixed=4.956257331485823
store=5.461289191096517
practicalby=8.859654001063063
helps=6.468164056950843
sheet=6.97982643324608
flexiblecompanies=8.859654001063063
getting=4.6344967537499615
source=4.112706069111677
productivity=5.832599631062183
debt=5.829327666467173
lines=4.7577913917371
accounting=4.956257331485823
tax=3.8448472336670467
stay=5.161228662133857
