#Tue Mar 12 00:16:51 EDT 2019
center=2.671461286960892
jpl=5.06714540792522
returned=5.58928081789054
bruce=4.702772134216829
wish=5.204519757258729
page=1.150535752094634
ellen=4.6021762330033775
agreement=3.6471120456180146
updated=1.8235560228090073
containing=5.699979977995424
imaging=5.342922573921784
signed=3.8219970390555265
ftp=4.97253279115016
radar=5.445067496240565
leary=9.15342958509752
home=1.150535752094634
sir=5.5482518310969855
fax=3.8219970390555265
reader=5.58928081789054
sign=4.702772134216829
portions=7.643994078111053
laboratory=5.470668068427022
mm=4.118127392276724
propulsion=6.164055125019381
mailed=9.171545858199883
contact=2.9740917749036413
conversion=7.075503927331129
fill=6.318573332578906
nasa=4.719901258782866
obtain=5.06714540792522
email=5.342922573921784
oleary=9.171545858199883
ceos=8.495215771386011
license=6.037928228617938
software=5.125082895773387
jet=4.797647797712648
manuals=8.014383860882678
gov=4.444205850580051
instructions=6.164055125019381
decompression=8.495215771386011
steps=4.887392476523304
tape=7.623717716041
attention=3.8219970390555265
licenses=6.850515730090058
print=5.130735511263454
version=4.1246275269982755
chapman=4.97253279115016
data=3.2045259795392664
airsar=7.075503927331129
