#Tue Mar 12 00:16:51 EDT 2019
mailing=6.5643606695431505
ohio=3.9279612377746247
toledo=8.38371948032686
richard=4.734680599509772
introduction=3.5992451665290544
amore=9.051173006704744
cord=6.98264078335672
vanderlaan=9.051173006704744
guidelines=4.82324741549752
resources=3.1875702514570246
michigan=3.771834864749243
james=4.323005684437742
formation=4.641050140947674
committees=6.7606054657363135
vice=4.90727029772996
mail=2.9350580162452444
pages=2.2708708659614354
staley=9.051173006704744
divine=6.819305713907698
councilors=9.051173006704744
franciscan=9.061612478885255
sfo=7.589676770483446
rule=3.5992451665290544
search=4.323005684437742
sfocarole=9.051173006704744
jean=5.958682848478238
rose=4.641050140947674
com=1.1354354329807177
jarecki=9.051173006704744
mazuchowski=9.051173006704744
lists=6.98264078335672
site=3.4063062989421526
fraternity=8.153637763980546
ofm=10.146498337162793
sign=4.641050140947674
spiritual=5.136212528190697
judith=7.543669729498486
guestbook=9.051173006704744
compliments=7.543669729498486
life=2.2708708659614354
short=3.4063062989421526
franciscans=8.38371948032686
bonaventure=8.38371948032686
gloria=8.38371948032686
please=3.1875702514570246
national=2.01740343876843
miserybay=6.98264078335672
bay=4.90727029772996
history=1.7996225832645272
treasurer=8.38371948032686
region=4.245569362419603
cap=6.7606054657363135
schultz=7.909198295305576
regional=4.541345292152054
constitutions=7.909198295305576
hickey=9.783035138349762
ulric=9.051173006704744
conv=8.38371948032686
west=2.2708708659614354
statutes=6.7606054657363135
contacts=6.083154380080246
criste=9.051173006704744
newsletter=6.235644598297579
council=3.9279612377746247
executive=4.070493449225962
information=1.2272447703683684
mercy=7.578738365236606
lower=3.771834864749243
publications=3.4063062989421526
marie=8.153637763980546
fr=6.679771292514103
minister=4.403302438037271
buening=9.051173006704744
assistants=8.38371948032686
crowley=8.38371948032686
international=2.2708708659614354
misery=6.083154380080246
assisi=9.051173006704744
jerry=7.909198295305576
reynold=9.051173006704744
secular=7.823733803012651
tour=5.82396968322555
secretary=4.2016103735865755
