#Tue Mar 12 00:16:52 EDT 2019
view=3.024970278877106
levels=3.8873808625067907
windows=6.141220520390334
security=3.024970278877106
netshade=8.640545472717742
pane=9.328445701145837
