#Tue Mar 12 00:16:52 EDT 2019
limit=4.705188849051242
obshchaya=7.7156049479100215
communist=4.000109917358519
seen=3.602433369496875
race=4.327441559853373
vadim=7.7156049479100215
chechnya=5.266719731650099
formal=5.266719731650099
unfair=6.403684895832575
press=3.1126905338645443
yefimova=7.7156049479100215
alyakina=7.359023420219968
investigations=5.143736631940014
interfax=7.359023420219968
crack=6.811726772550709
andrew=5.206411003352153
focus=3.9708600321633187
started=5.143736631940014
rule=3.5111464877667324
dissatisfied=7.359023420219968
commission=3.679511710109984
crimes=4.327441559853373
yuri=8.178511283841873
harass=8.829627558632682
opposition=4.165685207766034
oct=5.487482816472666
control=2.2152867882799527
dmitry=7.7156049479100215
alferyev=8.178511283841873
shumack=8.178511283841873
languished=8.829627558632682
assassinations=8.178511283841873
listyev=8.178511283841873
signal=5.68141645039346
parliamentary=4.618789881906708
front=4.098767609212176
nina=7.061270313513293
allowed=4.217191528563429
june=3.970330913191065
journalists=5.3509005418114555
cpj=6.17644189728191
contentious=8.178511283841873
war=2.8632166380233426
murders=6.403684895832575
page=1.1076433941399764
committee=3.5111464877667324
parliament=4.217191528563429
solovyov=8.829627558632682
felix=7.676523309499001
july=3.8318165798625685
nadezhda=7.7156049479100215
public=1.7555732438833662
security=2.8632166380233426
close=4.316843604942427
maxim=7.7156049479100215
pimenov=8.178511283841873
faced=6.083014803736739
nevskoye=9.248089274330672
winner=7.359023420219968
tempted=8.178511283841873
bring=4.098767609212176
lancer=9.984357921307017
assassins=7.7156049479100215
inclined=8.829627558632682
filing=5.812832243191219
kerimov=8.178511283841873
interior=5.380910558110604
missing=6.25138002607999
ministry=4.787155104249959
revenge=7.7156049479100215
media=1.1076433941399764
russian=3.757499856985167
access=3.5111464877667324
sending=5.5873898237459345
grim=7.7156049479100215
angry=7.061270313513293
fsb=6.403684895832575
ivanov=7.7156049479100215
election=4.098767609212176
website=5.206411003352153
fully=4.327441559853373
gazeta=5.934257086676609
rudnev=8.178511283841873
loses=6.5951262106126425
president=2.8632166380233426
mikhailov=7.359023420219968
channel=5.266719731650099
rebellion=5.934257086676609
television=4.885646026789431
moskovsky=8.178511283841873
vremya=9.248089274330672
oleg=7.359023420219968
free=2.504999904656778
presidential=3.679511710109984
rufa=7.359023420219968
feb=7.418713960756111
yeltsin=4.816612284311532
strengthened=8.829627558632682
dec=4.705188849051242
associated=4.098767609212176
viktor=5.204262988436401
farkhad=8.178511283841873
titov=8.178511283841873
vaynakh=8.178511283841873
vladislav=8.178511283841873
chaikova=7.7156049479100215
justice=3.679511710109984
central=2.8632166380233426
lack=3.679511710109984
murdered=5.934257086676609
fending=8.829627558632682
segodnyashnyaya=8.178511283841873
slabynko=8.829627558632682
rabochiy=8.829627558632682
unending=8.829627558632682
urges=7.359023420219968
unchecked=8.829627558632682
zyuganov=5.487482816472666
complaints=6.811726772550709
natalya=7.359023420219968
electoral=5.010493518609461
fraud=5.487482816472666
kholodov=7.7156049479100215
military=3.109548134423453
apparatus=7.359023420219968
conclusion=4.098767609212176
following=2.571868315970007
newspapers=5.143736631940014
investigate=5.266719731650099
zabaikalsky=8.829627558632682
vozrozhdeniye=8.178511283841873
shabalin=8.178511283841873
soltis=8.178511283841873
temporarily=7.061270313513293
jan=5.266719731650099
viatcheslav=8.178511283841873
disappearances=8.178511283841873
government=1.7555732438833662
coverage=4.455895850938171
ort=5.380910558110604
komsomolets=6.811726772550709
march=4.160714780484758
sergei=5.266719731650099
protect=3.679511710109984
suppressing=8.829627558632682
charges=4.4305735765599055
perpetrators=7.7156049479100215
mind=3.322930182419929
