#Tue Mar 12 00:16:52 EDT 2019
sites=4.603943846947032
branch=5.47280876462771
net=4.126241511682752
main=3.2312261049008923
mail=2.9752555499459947
wastewater=7.646985206228574
fourth=4.974478564851045
box=4.38221206663765
web=4.259154167833522
design=3.6048350461608423
pottsville=9.175134723970482
services=2.301971923473516
fax=3.823492603114287
positions=4.38221206663765
po=5.903732746278421
electric=5.41014012957028
deregulation=6.654263870017328
heating=7.078272602780953
lloyd=4.974478564851045
permitting=6.654263870017328
energy=3.452957885210273
pa=5.35446788966896
matt=7.337580890998595
engineering=5.248580856039355
utility=6.4959992444918155
environmental=3.9817572286397986
tel=5.47280876462771
tech=5.903732746278421
street=3.823492603114287
entech=7.9053639830079785
south=2.301971923473516
newsletter=6.321045817796002
facility=5.267640071696065
mlloyd=7.646985206228574
water=3.823492603114287
architectural=6.654263870017328
office=3.205481263401334
novell=6.853196366680093
reading=5.267640071696065
chilling=8.498539986253075
studies=1.965431838116803
audits=9.156158264353374
information=1.150985961736758
system=1.965431838116803
usa=3.8522044553441126
central=2.9752555499459947
clients=4.8893049344489
entecheng=7.646985206228574
