#Tue Mar 12 00:16:52 EDT 2019
secrets=5.913032160556294
slim=7.8486043096424565
home=1.2665114112631386
application=2.912571936529384
return=2.616201436547485
icon=6.5140697599658886
display=6.359139503013908
cutting=5.473665134660286
saving=6.036550090298827
purpose=3.3802098897568116
welding=6.929145344284398
hot=5.913032160556294
designed=3.1631496238655257
simultaneous=6.359139503013908
teach=6.036550090298827
flexible=5.779351060413011
axis=6.036550090298827
sealing=8.981830119230521
line=2.912571936529384
friendly=5.779351060413011
email=5.23240287309497
speed=5.2729504634358575
pendant=7.182990444476173
accuracy=5.779351060413011
driven=6.359139503013908
memory=6.036550090298827
mail=3.2738845048506438
include=2.912571936529384
internally=7.8486043096424565
menu=6.187872049768378
click=2.253473259837875
nachi=9.5687881377467
exceptional=6.5140697599658886
controller=5.913032160556294
assembly=6.036550090298827
easy=4.605494106669292
air=3.742938066466423
palletizing=8.981830119230521
january=4.039308566448321
cables=7.8486043096424565
modified=5.096862953597195
capability=5.296157607155414
interactive=5.68370363002885
industrial=3.6601375689291378
routed=8.319490090820207
features=4.986892102287402
value=3.1631496238655257
models=4.402036743157932
payload=7.485876132932846
simple=4.289886253784463
user=4.50694651967575
send=1.7858353066104469
rigid=7.8486043096424565
installation=5.779351060413011
robots=6.642504264760841
weight=6.274546160742716
language=3.742938066466423
competitively=8.981830119230521
teaching=4.605494106669292
options=5.024604953337341
series=4.610231327092423
space=3.5716706132208937
handling=5.68370363002885
reveals=5.473665134660286
page=1.1267366299189374
components=4.786295530637356
maintenance=4.766585682227559
storekeep=7.485876132932846
ar=6.187872049768378
light=3.6601375689291378
applications=3.897868323418403
ergonomic=8.319490090820207
largest=4.289886253784463
movement=2.912571936529384
aaa=7.264392536142087
priced=7.8486043096424565
estor=7.8486043096424565
robot=5.490995340652753
phone=3.897868323418403
engineering=4.605494106669292
remote=5.024604953337341
control=2.253473259837875
demonstrates=5.913032160556294
wrists=8.981830119230521
innovative=5.357505919831341
information=1.1267366299189374
saturday=6.5140697599658886
sc=8.00980852390572
sa=5.68370363002885
store=5.096862953597195
fastest=6.929145344284398
class=3.6601375689291378
improved=5.024604953337341
edit=7.485876132932846
robotics=6.036550090298827
arc=5.357505919831341
lines=4.169420977236476
operation=3.897868323418403
material=3.3802098897568116
capacity=4.786295530637356
low=3.6601375689291378
design=3.1631496238655257
featuring=6.5140697599658886
