#Tue Mar 12 00:16:52 EDT 2019
scholars=7.184256811577904
oversee=6.432753404942777
social=2.2253427303249356
home=1.1126713651624678
votes=5.230044678047935
sections=5.512392371961026
public=1.915190263554622
ratify=8.869708248626475
officers=5.577722284618675
purpose=3.768617816298019
previous=3.8492105017953673
iii=5.026528639215378
eligibility=6.110627681964864
guidelines=4.726547305494481
writing=3.6962142683098778
subject=1.1126713651624678
constitution=5.454955107120836
approval=5.612752891204095
fundraisers=8.215636335063078
election=4.648514349974447
committees=7.194756213952856
create=3.6962142683098778
vice=4.808885633472345
viii=7.0933238270413455
article=4.4789692217366035
incurred=7.750628709442229
functions=4.236334798783875
ps=6.473800756209361
staff=3.5270847788174557
vote=4.117373312885467
ratification=6.279757171457287
cast=6.625063737123493
fill=6.110627681964864
vi=6.279757171457287
notified=7.0933238270413455
paid=5.134695095664051
accepted=5.512392371961026
regular=5.03323785704296
includes=2.2253427303249356
iv=6.599234698892093
consist=6.842647522863229
majority=4.471428261444691
board=4.783787030139849
categorized=7.750628709442229
expenses=4.887205823030135
revised=7.3924285366197555
eligible=6.279757171457287
fellowship=7.750628709442229
ii=3.3815606731889547
relations=3.1236634336214077
allowed=4.236334798783875
life=2.2253427303249356
student=3.8492105017953673
times=2.5835429031474093
programs=2.876213754571195
faculty=6.1979718060202496
amended=7.750628709442229
offices=4.689726912446028
proposed=4.236334798783875
active=5.7458813645798115
participate=4.808885633472345
fall=3.830380527109244
facilitate=5.961194702907319
appointed=5.512392371961026
scholar=6.842647522863229
previously=5.03323785704296
read=4.347085292556137
treasurer=8.215636335063078
approved=5.038731048136215
expense=6.110627681964864
plurality=7.750628709442229
referred=5.707206336768817
advisor=6.81975656751559
honors=5.961194702907319
nominated=7.3924285366197555
restricted=6.625063737123493
meeting=4.695468429999764
name=3.338014095487403
newletter=8.869708248626475
collective=5.03323785704296
page=1.1126713651624678
submitted=5.707206336768817
following=2.9873470427528757
called=2.876213754571195
funded=5.40533634578192
amendments=6.473800756209361
presidential=4.400128923837695
club=6.1301350137881165
vii=6.110627681964864
fiscal=5.707206336768817
program=1.9910393061273373
appropriate=4.117373312885467
origin=4.548002859624875
candidates=5.40533634578192
meetings=5.40533634578192
recognition=4.961881866957835
membership=5.267676551263846
position=2.5835429031474093
monthly=5.290627168226183
newsletter=6.110627681964864
acted=7.3924285366197555
executive=4.9573742178037365
section=5.452649371599305
self=3.1236634336214077
follow=4.450685460649871
agent=4.548002859624875
elected=4.961881866957835
contacting=6.842647522863229
honorary=7.0933238270413455
community=2.5835429031474093
ballot=6.625063737123493
president=3.123540784581594
benefits=3.5270847788174557
september=3.988885119733663
voting=5.679778782471663
quotes=6.432753404942777
deemed=6.842647522863229
office=3.123540784581594
participation=4.726547305494481
campus=5.230044678047935
changes=2.876213754571195
shall=8.504021397744769
considered=3.5270847788174557
terms=3.1236634336214077
secret=4.726547305494481
determined=5.388556519864532
provide=2.876213754571195
dues=10.66279516017686
functional=7.88675451580758
designate=7.750628709442229
prior=4.331891305608567
reputation=6.279757171457287
outlined=6.81975656751559
secretary=4.117373312885467
service=2.416701042053944
semester=8.008362393525472
