#Tue Mar 12 00:16:52 EDT 2019
welcome=5.431393408123808
pagesharon=9.211178465793152
jpl=5.083811020509688
page=1.2437571221943071
submitted=5.926925061737394
imaging=5.775829210478432
response=4.548319655262746
mail=2.986943590081095
optional=5.613433537269465
box=4.735424801030696
autoscroll=9.211178465793152
radar=5.462976077519227
affiliation=7.6770257417397305
home=1.1555075128740915
line=2.986943590081095
board=4.302692714424319
name=3.4665225386222738
identifying=6.680404583605349
button=2.311015025748183
nasa=4.399427216615712
submit=5.823238820145804
text=4.142451102955186
html=5.613433537269465
gov=4.142451102955186
refs=9.211178465793152
comment=5.82883530281658
press=2.986943590081095
okonek=9.211178465793152
bulletin=7.6487917795778735
sar=5.152906738483668
carriage=9.211178465793152
question=3.7312713665829214
responses=6.379582284075605
return=2.683005357995773
information=1.1555075128740915
enter=5.367997472209127
science=1.8314360772070037
bb=6.521518228865638
