#Tue Mar 12 00:16:52 EDT 2019
welcome=5.3953615305951725
robotrak=6.795987870218546
mitsubishi=7.317537202140559
august=3.9708804690940203
programming=5.884017147245427
patent=7.8889019585308064
page=1.147841873127756
detroit=6.834475845884844
hall=4.114970071920536
dealer=6.636086762797492
found=3.2223995322690255
home=1.147841873127756
calibration=7.154242802441703
offline=7.8889019585308064
offered=4.484492619368496
trademarks=6.149622528360186
north=2.295683746255512
mi=3.4435256193832675
simulations=6.48892161955801
november=4.114970071920536
arranged=7.995618881110416
pc=5.576194005066273
language=3.813048166831228
copyright=1.147841873127756
pa=4.786414524457804
products=4.280933030386775
release=4.370241405396781
developers=7.058937252914276
downloadable=9.150071484686343
software=4.711476693579624
fo=4.8759490739420155
tickets=7.317537202140559
applied=4.247519657467417
robot=5.656473091814357
american=1.8192863256650242
cobo=9.150071484686343
free=2.295683746255512
development=1.8192863256650242
application=3.198806211989071
based=1.8192863256650242
uk=5.3304125874069435
demonstration=6.4782544605347
simulation=6.795987870218546
rwt=9.150071484686343
workspace=6.362900444739056
utilised=9.150071484686343
controller=6.023790947069772
device=5.576194005066273
registered=4.8759490739420155
information=1.147841873127756
usa=3.4435256193832675
calling=5.3304125874069435
revision=5.7901667947590445
