#Tue Mar 12 00:16:52 EDT 2019
shuttle=5.644476928495586
nasa=4.42375691417951
sar=5.181403325959481
page=1.1618976966268186
gov=4.165359672081431
chapman=5.02163829843636
images=4.749213660296481
jpl=4.749213660296481
acquired=5.181403325959481
image=3.4856930898804555
imaging=5.395685810365446
world=1.8415642788277937
death=3.2618592175526917
radar=5.485939906891969
sites=4.6475907865072745
bruce=4.749213660296481
updated=1.8415642788277937
flew=6.918166978302412
sample=6.3809714628383105
home=1.1618976966268186
space=3.6831285576555874
sir=5.583424335378737
data=3.0034619754546124
valley=5.255916217291349
