#Tue Mar 12 00:16:52 EDT 2019
home=1.1371913363952675
mailing=6.574512178804869
atlas=6.574512178804869
macjordomo=9.065170267250359
created=3.1924996955505187
digest=4.742002585058221
cold=5.809842436017658
ww=6.4481010355709225
designed=3.1924996955505187
resource=4.830706365923136
deal=3.777667849633945
subject=1.2286947597985796
guy=6.771060459368622
line=3.1761298789119166
conspiracy=6.0925617239387835
free=2.274382672790535
patch=6.993439145322476
hold=4.442882137570154
explaining=6.771060459368622
subscibe=9.065170267250359
letter=5.123564998025253
list=4.250585501701165
edge=5.558076871031464
especially=2.9395969607267443
copy=5.5244539000319355
storage=5.832976208789196
artists=5.832976208789196
known=3.1924996955505187
message=6.087195045585811
spawned=8.396684551906041
web=4.208107988322996
palace=6.993439145322476
set=2.852940882817201
banner=9.065170267250359
help=2.9395969607267443
send=1.802405624331477
cafe=6.0925617239387835
cards=7.835473612080468
fan=7.55533569926789
sending=5.736441289897669
stored=6.574512178804869
real=3.6860842793957382
subscribe=4.830706365923136
fenris=9.794593792245458
please=3.4493822816269275
discuss=4.914859186029212
feel=5.5244539000319355
evans=4.648227330907471
wetworks=9.065170267250359
name=3.6860842793957382
thanks=6.771060459368622
found=3.1924996955505187
comments=1.802405624331477
page=1.2286947597985796
depot=9.065170267250359
tefka=9.794593792245458
games=5.967897702318404
pumpkin=8.558822648451605
human=2.640476513238677
alternatively=7.249639610505937
satisfy=7.55533569926789
digests=9.065170267250359
learned=5.967897702318404
nephew=8.396684551906041
march=4.081635642615781
expansion=4.208107988322996
wasn=6.993439145322476
john=3.6860842793957382
project=3.777667849633945
empty=7.55533569926789
runs=6.418144362872622
oit=6.771060459368622
decided=4.994905319881996
links=5.4072168729944305
brinker=9.065170267250359
nice=6.771060459368622
edu=5.558076871031464
burger=7.921429539716033
ilstu=7.556162059821812
