#Tue Mar 12 00:16:52 EDT 2019
home=1.136751851595046
transfer=4.328017757328493
properly=5.5223188912248125
sas=7.101428800371228
aascpa=7.918368183401301
controls=5.069267149547441
guidelines=4.828839466348535
employees=4.328017757328493
agreement=3.8937201308539935
info=3.7762079127288133
monitored=7.246837877575047
procedures=4.2314540017070525
trained=5.9655913179435816
modification=5.9655913179435816
client=5.0207611668580805
account=3.4102555547851376
manager=5.069267149547441
security=2.9384609089985347
com=1.136751851595046
ensure=5.210131296978042
cash=5.631691828997626
requirements=3.7762079127288133
mean=5.1421674293527175
doing=4.676695662697531
executed=6.932528830105409
set=2.639456061133767
proper=4.992974963136937
checks=6.932528830105409
transactions=6.446196990484128
resolved=5.9655913179435816
advisory=7.313729512925784
ashland=6.768443680592672
obtained=5.1421674293527175
document=4.646430953117271
investment=4.075212760593581
erisa=9.061666895024093
signed=3.7762079127288133
accordance=6.580852254544494
documented=6.242874175940744
system=1.8017090574034889
closure=8.393439526100169
including=1.2283319413179665
fund=4.441165118537255
portfolios=8.393439526100169
supervised=6.990736424938248
copyright=1.136751851595046
established=4.075212760593581
amendments=6.090207161266358
agreements=4.740169966402023
maintained=6.68478162173536
objectives=4.075212760593581
scope=5.734224355355884
complaints=6.990736424938248
personnel=4.075212760593581
tell=5.1421674293527175
control=2.273503703190092
prospectus=8.393439526100169
reporting=4.912959764323859
performs=6.768443680592672
basis=3.4102555547851376
background=3.7762079127288133
timely=6.990736424938248
compliance=5.734224355355884
regularly=6.415663973862579
services=2.547589159572419
regulatory=5.5223188912248125
relationship=2.639456061133767
customer=5.631691828997626
suitability=7.918368183401301
provisions=5.1421674293527175
investments=6.090207161266358
terms=3.1912659057334474
criteria=6.196190421404503
underlying=5.069267149547441
acceptance=5.734224355355884
accounting=5.069267149547441
tax=3.932515297952395
employee=4.740169966402023
audit=6.242874175940744
