#Tue Mar 12 00:16:52 EDT 2019
meet=3.6831285576555874
creek=7.692123479880059
iserv=7.145377012989902
jgray=9.262118093895765
ne=3.859740601809542
mail=3.0034619754546124
prayer=7.719481203619084
street=3.859740601809542
sunday=7.719481203619084
capital=3.4856930898804555
fraternity=7.719481203619084
parish=7.719481203619084
philip=7.962330555406575
st=3.875648238097944
ave=6.717348534515386
minister=4.019505629332663
net=4.165359672081431
neri=9.956340740619718
janice=9.262118093895765
gray=5.524692836483381
mi=3.7469559088159006
battle=5.674359093586469
academy=6.224927333724146
sfo=6.3809714628383105
