#Tue Mar 12 00:16:52 EDT 2019
marketing=3.940128910154256
fired=6.205352243144901
application=2.9441499655275947
return=2.644566224311972
grant=5.415591859331298
baugher=10.166818765275211
hot=5.977141101074308
email=5.289132448623944
ecm=9.083050394137263
main=3.1974444096166814
include=2.9441499655275947
pennsylvani=9.079210887205656
menu=6.254960797199503
contact=2.9441499655275947
grants=5.642595160422351
entecheng=7.567037806791602
list=3.940128910154256
vp=6.428085127707773
entech=7.842243151389011
funding=4.74934725197136
cycle=4.655426753697673
matt=7.260868239597629
projects=4.555810716335315
recommendations=4.655426753697673
stem=7.9336986729359165
electrical=5.842010633928653
gas=4.255613508138718
student=4.4121209474063265
water=3.783518903395801
installation=5.842010633928653
feet=5.642595160422351
novel=5.152123008852819
please=3.1974444096166814
system=2.0214436997716856
successful=4.655426753697673
net=4.083102644611423
obtaining=6.254960797199503
hall=4.6747065373841
replacement=7.5651002240970096
space=3.610394572887532
founders=7.111929127240844
square=5.415591859331298
domestic=3.783518903395801
center=2.961361493787598
submitted=5.842010633928653
conservation=6.455728477367792
college=4.33639708870051
provided=3.940128910154256
sy=7.9336986729359165
dehumidification=9.083050394137263
natatorium=9.079210887205656
june=3.610394572887532
boiler=8.40968978547609
energy=3.9119292347775434
engineering=4.655426753697673
updated=1.805197286443766
measures=4.449763510755738
evaluation=3.783518903395801
lloyd=4.92247158247963
mlloyd=7.567037806791602
project=4.0864637987083015
xvii=8.40968978547609
services=2.2779053581676574
pleased=7.0042709574479165
pool=6.205352243144901
office=2.9441499655275947
performed=5.642595160422351
talk=5.415591859331298
implementation=4.083102644611423
electric=5.353578409848834
completed=5.079081589238085
unit=4.33639708870051
nicarry=9.806179791543888
design=3.1974444096166814
audit=6.254960797199503
