#Tue Mar 12 00:16:52 EDT 2019
home=1.1310693065560962
routines=8.351481293903898
transfer=4.658811693902239
controls=5.043926228526417
disk=8.129653143237736
designed=3.1753129849485378
histories=6.383592506870829
floppy=9.016368239748818
commands=6.421546340935632
positions=4.658811693902239
aesop=9.077711470619727
effector=8.351481293903898
interfaces=8.351481293903898
joint=4.054841049720286
ds=9.191009570188445
product=4.5279865377350275
allows=5.456715383349938
endorsements=7.514661813426926
signals=6.383592506870829
memory=6.0597626307015995
robotic=6.421546340935632
modes=6.906018418008472
intended=5.374592122741594
data=3.3573348533672456
commanded=9.016368239748818
head=3.757330906713463
serial=8.629003299068183
controller=5.9357697334872945
hand=4.1854537859504815
pc=6.409866856819709
laparoscopic=8.523575539168814
pivot=9.016368239748818
file=4.894538900917053
individual=2.6262616001573664
directional=8.351481293903898
port=6.434482488099925
training=3.757330906713463
connection=5.043926228526417
addition=3.757330906713463
library=4.658811693902239
function=3.757330906713463
tracking=6.539118522127688
loaded=8.523575539168814
directly=4.054841049720286
receive=4.064826571618868
platform=6.555686675072337
laparoscope=7.514661813426926
user=4.894538900917053
send=2.0123757676176575
research=2.0123757676176575
joints=6.734608691888149
company=2.9237717431641905
additional=4.054841049720286
containing=5.603539385332053
command=5.751621262964291
development=1.939415154068618
system=2.204082748504684
foot=6.211666473373555
adds=6.539118522127688
flexibility=6.906018418008472
mode=5.705559358578415
manual=5.705559358578415
usage=5.252523200314733
example=3.163049879297881
applications=4.392328749676079
users=4.888400213269558
move=4.306382291504634
provided=4.233080658120675
movement=3.163049879297881
specific=1.7927024366080944
program=1.7927024366080944
robot=5.415875293883004
collection=4.968015421556632
moved=6.0597626307015995
connected=5.494713195421637
attached=5.378107309824283
overview=3.1753129849485378
setting=4.054841049720286
voice=4.1854537859504815
control=2.2621386131121923
building=3.393207919668288
information=1.269667747156181
locations=5.9357697334872945
publications=3.393207919668288
fixed=5.043926228526417
clinical=5.603539385332053
support=2.2621386131121923
communication=4.1854537859504815
standard=4.064826571618868
provide=2.9237717431641905
software=4.834075746512876
requires=4.418964036765461
input=6.0597626307015995
