#Tue Mar 12 00:16:52 EDT 2019
nice=6.890946770728432
follow=5.1544605402544805
faq=7.414441618494351
holliday=9.22567538040225
regards=5.7336206747266205
niceholliday=9.22567538040225
website=5.8532057148691345
url=6.534962930033034
subject=1.1573260960018112
simon=5.439941548488084
regardshennie=9.22567538040225
link=4.7410950729384
comments=1.8343184632688838
mail=2.991644559270695
ups=6.057057762250788
september=4.464161707218124
scherpenzeel=10.272251673439804
looks=3.2189152907437233
image=3.4719782880054337
tilley=9.22567538040225
wish=5.632949315479923
august=4.0036904895827305
post=3.8658454051908597
contact=3.2189152907437233
workspace=6.04938342548335
posted=6.355864903790682
beginningof=9.22567538040225
optional=6.04938342548335
hennie=9.926536044326802
followup=7.924657215007635
van=3.3310218020011857
user=4.9809856658976
name=3.4719782880054337
title=1.8343184632688838
