#Tue Mar 12 00:16:52 EDT 2019
shuttle=6.282313989263202
srl=9.327608089656609
nasa=4.430757760359854
october=4.290283122911547
sar=5.97144969488379
gov=4.171951589972891
page=1.1637364656209528
chapman=5.029585325812117
jpl=4.756729560233648
september=4.171951589972891
oct=6.406739099538673
imaging=5.4042247891404225
status=3.604557518170657
radar=5.111499953469886
bruce=4.756729560233648
report=3.1690119167979693
updated=1.8444786587309854
home=1.1637364656209528
sir=5.787324127959432
mission=4.546591053301197
