#Tue Mar 12 00:16:52 EDT 2019
teachers=5.15538478165589
newsworthy=8.197031774042639
marketing=4.172932971135373
public=1.9118580756563066
victory=5.278646380375634
actor=7.375688154963401
dodger=8.849622521652316
san=3.6878440774817003
reason=3.9798521667660545
thompson=5.600042639752069
king=4.108049394454879
kathryn=8.849622521652316
asset=6.0967899777450345
clients=4.715843893832287
election=4.108049394454879
trained=6.3303028257582765
appearances=6.610061076643554
sound=4.226741488411724
rules=3.840493846293525
professional=3.5190975869170895
agency=3.823716151312613
reporters=6.856978710668143
contact=3.1181062201937406
franz=6.41818623712147
grass=6.0967899777450345
don=3.9798521667660545
newspaper=4.715843893832287
communications=1.988098042788552
radio=3.6878440774817003
invitations=7.077260777193983
numerous=4.108049394454879
jay=7.077260777193983
irvine=6.41818623712147
firm=4.440606746615019
goals=4.797995764135455
aides=6.265536468309644
dennis=7.077260777193983
message=5.975990107078371
training=4.268326451081329
spread=5.499909389989798
athletes=7.733077172483836
media=1.363793954089963
aggressive=7.077260777193983
achieve=4.712679531863527
credible=7.375688154963401
diego=5.278646380375634
feedback=5.39309579547276
relations=3.6071543179498393
house=2.577692390827945
press=3.1181062201937406
help=3.1181062201937406
crisis=3.5190975869170895
conferences=6.41818623712147
association=3.330455059961264
ones=5.278646380375634
volatile=7.733077172483836
larry=5.947695394261971
beuerlein=8.849622521652316
journalist=5.499909389989798
day=2.2203033733075097
discipline=5.278646380375634
defeated=7.733077172483836
california=3.3863666657900184
leaders=3.6878440774817003
roots=4.33724118428649
steve=6.807891056951875
voucher=8.197031774042639
campaigns=4.629249273570844
national=1.7595487934585448
sacramento=6.265536468309644
executives=5.947695394261971
initiative=5.39309579547276
commitment=4.797995764135455
tv=3.840493846293525
johnstone=8.849622521652316
performance=3.6878440774817003
helped=5.694282192585915
including=1.1101516866537549
passion=6.41818623712147
winning=5.73557422696892
level=2.577692390827945
spokesmen=8.849622521652316
white=3.330455059961264
bad=5.39309579547276
county=3.9798521667660545
orange=5.694282192585915
quarterback=8.849622521652316
meet=3.5190975869170895
led=3.9798521667660545
highly=4.108049394454879
sutton=8.849622521652316
angeles=5.021839935199451
baseball=7.733077172483836
extensive=4.537703767348614
online=5.15538478165589
scary=8.197031774042639
theirs=8.849622521652316
nelson=4.629249273570844
top=3.330455059961264
award=5.379181115672807
people=1.9118580756563066
control=2.2203033733075097
biggest=5.499909389989798
government=1.7595487934585448
campaign=3.6878440774817003
television=4.5926148103274524
news=3.52140623100928
gazettehow=6.8271521372121935
studies=1.7595487934585448
developer=8.197031774042639
huge=5.499909389989798
benefits=3.5190975869170895
awards=5.15538478165589
cost=3.330455059961264
live=4.440606746615019
advertising=5.021839935199451
margin=7.375688154963401
trainees=8.849622521652316
player=7.375688154963401
effective=3.823716151312613
spoke=6.610061076643554
investigative=6.265536468309644
basic=3.330455059961264
emmy=8.849622521652316
support=2.2203033733075097
ll=6.291245536875861
authority=3.6878440774817003
political=1.9118580756563066
uninteresting=8.849622521652316
acclaimed=8.197031774042639
flat=6.610061076643554
needn=8.849622521652316
lobbying=5.600042639752069
ncg=6.41818623712147
school=3.1165898017579696
swatt=8.849622521652316
specialties=7.4181210522769545
corporate=4.226741488411724
organization=2.577692390827945
comfortable=6.8271521372121935
los=3.330455059961264
nelsongroup=6.41818623712147
