#Tue Mar 12 00:16:52 EDT 2019
home=1.113092423998042
divided=5.614876877918169
amplitude=8.87306473747303
quad=9.661034201787686
formats=8.419554817757685
integer=9.635217685740795
chiefly=7.7535617144619895
compression=7.7535617144619895
truncation=8.87306473747303
imaging=5.169041142974659
shhshh=10.749806901239811
description=2.226184847996084
note=4.549723921969264
return=2.5845205714873294
usually=4.237937919213974
required=3.52841950374742
svhsvv=10.2582747320964
shvsvv=10.821398833460904
log=6.435187697531789
bytes=8.029368484979456
mhz=7.7535617144619895
power=2.9175392475007786
synoptic=7.7535617144619895
processor=8.341270390089122
total=3.7695472834730173
frequency=5.963450547515912
nint=10.882712271503312
svhsvh=10.2582747320964
scattering=8.010337523489058
shvsvh=10.016370116293992
gov=3.990394599869794
argument=6.338360716464974
line=2.8773021758717516
appropriately=7.096008093721048
format=5.841428356904937
follows=4.963759550042501
oldheader=8.87306473747303
data=3.62568525958698
int=6.731848535024506
bruce=4.549723921969264
calibrated=7.395225990970744
field=3.52841950374742
file=5.02606304463069
corresponding=7.096008093721048
indicate=6.343178538610242
shvshv=10.882712271503312
combined=6.282133566972701
slc=7.7535617144619895
sqrt=10.2582747320964
range=4.015219902393273
airsar=8.348303669758574
cm=6.9005999735008015
scene=4.889055247089643
addition=3.697612995485372
value=3.7192240780870818
im=7.897743538501604
difference=4.549723921969264
converted=6.627570804088725
byte=8.486321441527767
svvsvv=10.749806901239811
directly=3.990394599869794
sign=5.580184279334813
res=7.2643696009657415
calculated=6.638011788196373
nearest=7.096008093721048
finally=4.549723921969264
prf=9.635217685740795
chapman=4.810705419483413
pre=3.850667126044459
multilooked=9.635217685740795
times=2.5845205714873294
multilook=8.87306473747303
stored=7.564484127855595
real=3.3392772719941255
matrix=8.846659928319188
spacing=8.92469541232912
mlc=7.433209366248537
compressed=9.782037381264525
fac=9.277740819221208
cross=5.25999971009382
radar=5.30900122754403
tp=6.282133566972701
header=9.635217685740795
subtraction=8.87306473747303
consists=6.097167393459316
complex=4.346830353464963
assumes=6.435187697531789
manual=5.614876877918169
unsymmetrized=8.87306473747303
formed=4.810705419483413
stokes=6.205795289403016
page=1.113092423998042
remaining=6.112940075234749
recorded=5.709366066703262
samples=7.096008093721048
nasa=4.237937919213974
following=2.5845205714873294
shhsvv=10.749806901239811
svh=8.87306473747303
meters=6.731848535024506
single=4.174055008658452
sir=5.654925155241194
shhsvh=10.2582747320964
floating=7.196846784557693
azimuth=9.635217685740795
updated=1.76420975187371
look=3.124448387612617
additionally=7.096008093721048
qsca=11.024683757906413
mantissa=8.419554817757685
fortran=8.87306473747303
gen=5.835078495001557
comprise=7.096008093721048
scale=5.430570769816123
progressively=7.395225990970744
descriptions=6.282133566972701
shv=8.92469541232912
elements=4.181420635654077
pol=7.275685774072321
terms=3.3932544697387907
pixel=7.7962944223262545
products=4.451810332679454
vax=7.096008093721048
jpl=4.549723921969264
uncompressed=8.87306473747303
employs=7.096008093721048
zero=6.112940075234749
lines=4.649660829058138
factor=5.430570769816123
shhshv=10.821398833460904
symmetrized=10.2582747320964
re=3.6172734033030602
depending=4.810705419483413
low=3.7695472834730173
