#Tue Mar 12 00:16:52 EDT 2019
june=3.630073152122893
agency=3.630073152122893
welcome=5.3827582722722
waste=5.33871501023831
spider=7.300443850541494
page=1.14516057965763
updated=1.8150365760614464
mail=2.9601971557190763
hours=4.360032769505817
land=3.804141102722179
marsh=9.658147574366714
schools=4.680801316615263
doran=9.12869743700831
organizations=3.630073152122893
contacting=7.042447976119822
avenue=5.317961046129097
fax=3.804141102722179
corporation=4.23759769261457
business=1.8150365760614464
plant=5.4368144920827834
fill=6.289053675187441
outstanding=6.009719713296281
tour=5.873852712912735
copyright=1.14516057965763
geneva=5.873852712912735
pollution=6.009719713296281
environmental=3.961604717684621
york=2.4705246792762514
control=2.29032115931526
saves=7.976941569193647
enhancement=7.042447976119822
biosolids=9.12869743700831
environmentally=7.608282205444358
gordon=6.135257359154343
facility=5.247304878869489
eddington=9.12869743700831
water=4.251651364290734
creates=6.135257359154343
operation=3.961604717684621
sale=5.317961046129097
product=4.571013823920812
clean=5.5631683323460415
epa=6.463121625786727
recognized=5.776641293746067
money=3.2148721898481867
graphics=5.673350318540327
treatment=3.1931068265176354
arrangements=6.009719713296281
achievement=5.776641293746067
association=3.43548173897289
superintendent=8.455527087590118
space=3.630073152122893
creek=7.788300340126105
protection=3.43548173897289
lead=4.360032769505817
process=2.8681903309620593
encouraged=7.042447976119822
composting=7.976941569193647
calling=5.317961046129097
soil=6.135257359154343
youth=5.445109728184339
