#Tue Mar 12 00:16:52 EDT 2019
arbor=6.714097127763283
intricate=8.341858129217343
multiply=8.341858129217343
lifetime=7.202302854769875
transport=5.110566536990701
characteristics=4.18063101144465
form=3.2160404989505254
print=5.950591557553901
fights=8.341858129217343
local=2.6232354366542836
item=7.002747396246631
species=7.50600289105741
hold=4.413872195309646
magic=6.056781679060996
start=1.7906367586553626
meaning=4.18063101144465
nature=2.9204027675297834
heavy=6.610797352704194
unique=4.301420174661402
hillside=9.005978945515581
person=3.171654165786981
global=4.389047300947932
brightly=10.736611327594359
visually=7.869706309962852
restore=6.531583689416122
threatening=6.3762368821829885
values=3.908348252761838
includes=2.259532017748842
effect=2.6232354366542836
stewardship=9.367847371599872
web=4.18063101144465
celebration=6.947775258789773
sterling=6.531583689416122
difference=4.617876580581898
land=3.753001445528705
green=4.050168776404205
help=2.9204027675297834
tallest=9.005978945515581
role=2.259532017748842
posters=7.50600289105741
life=2.259532017748842
living=4.229348361468236
bark=9.005978945515581
shipped=9.295026967745772
water=3.753001445528705
grow=5.597082592766163
day=2.445111699091318
roots=4.776391951196119
illustrating=7.869706309962852
packages=7.068035136097189
tree=6.507619824030029
earth=4.997151606371123
warming=7.202302854769875
helped=5.794889602441264
explains=5.530307130159705
including=1.222555849545659
warning=6.3762368821829885
holiday=6.3762368821829885
landowner=8.341858129217343
food=3.5812735173107253
greenhouse=6.531583689416122
leaves=5.371910275966087
climates=8.341858129217343
oxygen=8.341858129217343
conservation=5.928930121725425
caused=4.711039526185146
seedling=9.005978945515581
colored=9.944869849816488
environmental=4.229348361468236
highlights=7.50600289105741
connected=5.488381800053066
folded=10.637095448345024
look=2.9204027675297834
illustrates=8.122485248349225
demonstrates=5.928930121725425
biggest=5.597082592766163
graphically=9.005978945515581
planting=7.793841747877416
secure=6.731155812363711
benefits=3.875410353134331
balance=4.050168776404205
morton=7.50600289105741
special=2.9204027675297834
world=2.010872349208075
tall=8.341858129217343
soil=6.052780145594527
promote=4.799164112851003
seed=6.947775258789773
hundreds=4.962290924442343
paper=2.1149476620325163
poster=9.202227503326352
provide=2.9204027675297834
trees=6.886702302626273
slope=8.341858129217343
electronic=5.668363989023925
