#Tue Mar 12 00:16:52 EDT 2019
visit=4.6057460954191525
program=1.8249837122705603
engines=5.906043806898512
page=1.2404191999256022
service=2.4808383998512045
automotive=7.329325448945177
site=3.454309571564364
home=1.1514365238547881
line=2.9764202361253482
fuel=5.474951136811681
suspenion=9.17872639951812
graphical=8.501866803698002
auto=5.808299629747633
history=1.8249837122705603
emergencies=7.081043445868468
cooling=6.855879101980869
marketing=3.9833159174770727
modified=5.208594454124053
copyright=1.1514365238547881
systems=3.046648298762517
communications=1.8249837122705603
submit=5.208594454124053
body=3.8249893380726636
environmental=3.9833159174770727
control=2.3028730477095762
text=4.127856759980137
electronics=6.855879101980869
january=4.127856759980137
emission=8.020658442653627
insight=5.906043806898512
index=1.8249837122705603
electrical=5.906043806898512
drive=5.1347524413318615
tips=6.64561037112817
brake=9.17872639951812
periscope=7.3404532422673086
select=6.168881056568698
created=3.232490992680637
environment=3.232490992680637
department=3.482296946325895
question=3.454309571564364
please=3.232490992680637
information=1.1514365238547881
system=2.0357129531352487
version=4.127856759980137
overview=3.7803948383061816
