#Tue Mar 12 00:16:52 EDT 2019
operations=3.5621190702786696
ku=6.496649503794828
stowing=9.705722150461668
weather=5.011167899595076
properly=5.4590271813754745
sar=5.429563791071076
kiluaea=9.705722150461668
power=2.6092050578013057
report=2.827054608659635
units=4.93575010363923
landing=8.481163825978905
expected=4.27841402210145
band=5.281994353515428
supply=4.27841402210145
shut=6.910615071906016
tapes=8.399902438106032
dryden=7.465857022805722
speed=4.856651965004415
occupying=8.29724168791157
spare=8.481163825978905
anomalies=7.465857022805722
continued=4.028506442342445
include=3.1473111363642747
descent=7.465857022805722
data=3.2681972926564127
check=4.390264592940641
playback=8.957810452980775
smoothly=7.16378132663926
film=2.24744690720311
communications=1.7810595351393348
takes=4.158270899913873
orbit=6.171324128079975
baselines=8.957810452980775
develop=4.044600757002691
cm=6.171324128079975
mission=4.756819596680855
status=2.9047829887408896
set=2.6092050578013057
tracking=6.496649503794828
substantiated=7.8276151734039185
decision=3.154690568499895
hawaii=4.028506442342445
measurements=6.342133569204167
switched=7.465857022805722
original=4.158270899913873
appear=4.856651965004415
press=2.9047829887408896
help=2.9047829887408896
april=3.5621190702786696
doors=7.16378132663926
evaluate=5.668503981132856
day=2.4350922966861095
california=3.154690568499895
replace=5.567146587728021
continue=3.8874444459935216
held=3.3711703608046646
detection=6.910615071906016
allow=3.8874444459935216
time=1.92976498802122
caldera=8.29724168791157
valley=5.083232663840992
bay=4.856651965004415
closing=6.910615071906016
phrr=8.957810452980775
cross=4.593177860437856
recorder=7.761904705171547
met=4.044600757002691
october=3.5621190702786696
period=3.154690568499895
electronics=6.690870041329576
slowly=6.496649503794828
space=3.5621190702786696
cameras=6.910615071906016
confidence=5.281994353515428
hrs=9.013292842027935
center=2.6092050578013057
recorded=6.636974102566288
preparations=7.8276151734039185
recording=6.496649503794828
backup=8.957810452980775
variety=3.5621190702786696
independent=3.3711703608046646
briefing=8.29724168791157
change=2.6092050578013057
position=2.935639921792554
tests=5.011167899595076
sir=5.464262516313478
engineering=4.593177860437856
final=3.8874444459935216
science=1.7810595351393348
items=5.343178605418005
kennedy=4.505456125998346
summary=3.3711703608046646
antenna=7.8276151734039185
emphasis=3.732928511402861
drifting=8.957810452980775
run=3.732928511402861
flights=7.16378132663926
marginal=7.465857022805722
changes=2.9047829887408896
elapsed=8.957810452980775
determined=5.011167899595076
health=2.6092050578013057
unclear=5.4590271813754745
results=2.9047829887408896
gps=6.910615071906016
facility=4.773495776055891
interferometry=9.705722150461668
crew=6.342133569204167
cargo=5.897219229657447
